Starting parallel pool (parpool) using the 'Threads' profile ...
Connected to parallel pool with 16 workers.

                                            Norm of      First-order 
 Iteration  Func-count      Resnorm            step       optimality
     0        111           431.717                         7.54e+03
     1        222           280.545       0.0118261         2.14e+03      
     2        333           210.749       0.0160693              670      
     3        444           79.3632        0.308463              271      
     4        555           26.5792        0.536284             17.8      
     5        666            16.628        0.591139             80.9      
     6        777           14.9976        0.299029             7.73      
     7        888           14.4083        0.246565             8.69      
     8        999           14.2635        0.149992             1.75      
     9       1110             14.23       0.0969714             1.41      
    10       1221           14.2229       0.0592784            0.225      
    11       1332           14.2217       0.0349669            0.053      
    12       1443           14.2216       0.0149507           0.0176      
    13       1554           14.2216      0.00311676          0.00336      

<a href = "matlab: helpview('optim','local_min_possible_lsq','CSHelpWindow');">Local minimum possible</a>.

lsqnonlin stopped because the final change in the sum of squares relative to 
its initial value is less than the value of the <a href = "matlab: helpview('optim','function_tolerance_lsq','CSHelpWindow');">function tolerance</a>.

<<a href = "matlab: createExitMsg({'optimlib:snls:Exit3basic','lsqnonlin'},{'optimlib:snls:Exit3detailed','1.000000e-06'},true,true);;">stopping criteria details</a>>
 Iter  Func-count            Fval   Feasibility   Step Length       Norm of   First-order  
                                                                       step    optimality
    0         392    6.713853e+02     0.000e+00     1.000e+00     0.000e+00     1.289e+03  
    1         801    5.366998e+02     0.000e+00     2.326e-03     4.201e-01     1.153e+03  
    2        1208    4.991725e+02     0.000e+00     4.748e-03     2.950e-01     8.575e+02  
    3        1617    4.981690e+02     0.000e+00     2.326e-03     1.565e-01     5.886e+02  
    4        2024    4.828654e+02     0.000e+00     4.748e-03     2.006e-01     5.095e+02  
    5        2431    4.731952e+02     0.000e+00     4.748e-03     1.781e-01     4.628e+02  
    6        2839    4.697202e+02     0.000e+00     3.323e-03     1.005e-01     5.497e+02  
    7        3244    4.675543e+02     0.000e+00     9.689e-03     2.689e-01     4.498e+02  
    8        3650    4.611358e+02     0.000e+00     6.782e-03     1.514e-01     3.298e+02  
    9        4054    4.602453e+02     0.000e+00     1.384e-02     2.874e-01     4.807e+02  
   10        4459    4.525940e+02     0.000e+00     9.689e-03     2.172e-01     3.131e+02  
   11        4863    4.418965e+02     0.000e+00     1.384e-02     2.667e-01     2.905e+02  
   12        5267    4.355627e+02     0.000e+00     1.384e-02     2.983e-01     3.236e+02  
   13        5669    4.294359e+02     0.000e+00     2.825e-02     3.876e-01     4.370e+02  
   14        6075    4.264015e+02     0.000e+00     6.782e-03     1.729e-01     2.882e+02  
   15        6478    4.077133e+02     0.000e+00     1.977e-02     4.508e-01     2.971e+02  
   16        6881    4.053835e+02     0.000e+00     1.977e-02     5.181e-01     3.579e+02  
   17        7285    3.801648e+02     0.000e+00     1.384e-02     4.156e-01     2.818e+02  
   18        7689    3.800800e+02     0.000e+00     1.384e-02     3.998e-01     3.920e+02  
   19        8091    3.616737e+02     0.000e+00     2.825e-02     4.844e-01     5.000e+02  
   20        8495    3.554538e+02     0.000e+00     1.384e-02     6.158e-01     3.208e+02  
   21        8900    3.524553e+02     0.000e+00     9.689e-03     4.076e-01     2.762e+02  
   22        9303    3.341667e+02     0.000e+00     1.977e-02     4.831e-01     2.759e+02  
   23        9705    3.171607e+02     0.000e+00     2.825e-02     5.768e-01     2.349e+02  
   24       10107    3.144796e+02     0.000e+00     2.825e-02     4.265e-01     3.918e+02  
   25       10509    3.134542e+02     0.000e+00     2.825e-02     4.608e-01     2.661e+02  
   26       10911    3.093626e+02     0.000e+00     2.825e-02     5.246e-01     4.405e+02  
   27       11318    3.042052e+02     0.000e+00     4.748e-03     1.501e-01     1.595e+02  
   28       11720    2.935044e+02     0.000e+00     2.825e-02     4.518e-01     4.265e+02  
   29       12122    2.920890e+02     0.000e+00     2.825e-02     6.670e-01     3.692e+02  
 Iter  Func-count            Fval   Feasibility   Step Length       Norm of   First-order  
                                                                       step    optimality
   30       12527    2.819472e+02     0.000e+00     9.689e-03     2.907e-01     4.621e+02  
   31       12931    2.686188e+02     0.000e+00     1.384e-02     3.830e-01     3.087e+02  
   32       13334    2.576215e+02     0.000e+00     1.977e-02     5.024e-01     1.945e+02  
   33       13736    2.445832e+02     0.000e+00     2.825e-02     4.985e-01     1.968e+02  
   34       14137    2.380863e+02     0.000e+00     4.035e-02     5.499e-01     4.582e+02  
   35       14538    2.289787e+02     0.000e+00     4.035e-02     4.770e-01     4.423e+02  
   36       14939    2.151513e+02     0.000e+00     4.035e-02     5.773e-01     3.143e+02  
   37       15339    2.014331e+02     0.000e+00     5.765e-02     7.322e-01     2.278e+02  
   38       15740    1.776819e+02     0.000e+00     4.035e-02     5.510e-01     1.248e+02  
   39       16142    1.683402e+02     0.000e+00     2.825e-02     3.390e-01     1.283e+02  
   40       16543    1.544842e+02     0.000e+00     4.035e-02     4.797e-01     9.572e+01  
   41       16943    1.402181e+02     0.000e+00     5.765e-02     6.898e-01     1.283e+02  
   42       17342    1.325180e+02     0.000e+00     8.235e-02     5.599e-01     1.160e+02  
   43       17741    1.189818e+02     0.000e+00     8.235e-02     6.613e-01     1.365e+02  
   44       18142    1.129370e+02     0.000e+00     4.035e-02     5.369e-01     1.128e+02  
   45       18542    1.093991e+02     0.000e+00     5.765e-02     4.578e-01     1.377e+02  
   46       18941    9.796280e+01     0.000e+00     8.235e-02     4.959e-01     1.226e+02  
   47       19340    9.304753e+01     0.000e+00     8.235e-02     4.314e-01     1.340e+02  
   48       19740    9.039087e+01     0.000e+00     5.765e-02     4.233e-01     1.377e+02  
   49       20139    8.510442e+01     0.000e+00     8.235e-02     4.719e-01     2.538e+02  
   50       20538    7.998334e+01     0.000e+00     8.235e-02     5.971e-01     1.518e+02  
   51       20938    7.747252e+01     0.000e+00     5.765e-02     3.321e-01     1.074e+02  
   52       21337    7.319960e+01     0.000e+00     8.235e-02     4.478e-01     1.106e+02  
   53       21736    6.951899e+01     0.000e+00     8.235e-02     4.037e-01     1.133e+02  
   54       22135    6.818664e+01     0.000e+00     8.235e-02     4.264e-01     1.173e+02  
   55       22534    6.695552e+01     0.000e+00     8.235e-02     4.250e-01     1.072e+02  
   56       22933    6.223691e+01     0.000e+00     8.235e-02     4.183e-01     1.358e+02  
   57       23332    6.081293e+01     0.000e+00     8.235e-02     3.313e-01     1.317e+02  
   58       23731    5.902837e+01     0.000e+00     8.235e-02     4.402e-01     1.050e+02  
   59       24131    5.606055e+01     0.000e+00     5.765e-02     3.128e-01     1.415e+02  
 Iter  Func-count            Fval   Feasibility   Step Length       Norm of   First-order  
                                                                       step    optimality
   60       24531    5.285950e+01     0.000e+00     5.765e-02     2.676e-01     7.218e+01  
   61       24931    5.077133e+01     0.000e+00     5.765e-02     2.198e-01     1.065e+02  
   62       25331    4.825102e+01     0.000e+00     5.765e-02     3.376e-01     8.008e+01  
   63       25730    4.583431e+01     0.000e+00     8.235e-02     3.173e-01     6.790e+01  
   64       26130    4.535908e+01     0.000e+00     5.765e-02     2.074e-01     6.409e+01  
   65       26530    4.402091e+01     0.000e+00     5.765e-02     1.722e-01     7.354e+01  
   66       26931    4.327255e+01     0.000e+00     4.035e-02     1.739e-01     5.693e+01  
   67       27330    4.306286e+01     0.000e+00     8.235e-02     2.759e-01     6.568e+01  
   68       27730    4.272116e+01     0.000e+00     5.765e-02     2.415e-01     6.110e+01  
   69       28130    4.156184e+01     0.000e+00     5.765e-02     1.901e-01     7.362e+01  
   70       28530    4.064751e+01     0.000e+00     5.765e-02     1.621e-01     5.237e+01  
   71       28930    4.052773e+01     0.000e+00     5.765e-02     2.366e-01     4.986e+01  
   72       29330    4.017594e+01     0.000e+00     5.765e-02     1.508e-01     7.967e+01  
   73       29730    3.937833e+01     0.000e+00     5.765e-02     1.684e-01     6.987e+01  
   74       30130    3.906180e+01     0.000e+00     5.765e-02     2.378e-01     7.163e+01  
   75       30530    3.828029e+01     0.000e+00     5.765e-02     1.951e-01     5.400e+01  
   76       30930    3.783977e+01     0.000e+00     5.765e-02     1.878e-01     5.061e+01  
   77       31331    3.731008e+01     0.000e+00     4.035e-02     1.021e-01     5.301e+01  
   78       31731    3.714421e+01     0.000e+00     5.765e-02     1.311e-01     9.757e+01  
   79       32132    3.660087e+01     0.000e+00     4.035e-02     1.430e-01     5.988e+01  
   80       32532    3.615855e+01     0.000e+00     5.765e-02     1.815e-01     7.669e+01  
   81       32932    3.575278e+01     0.000e+00     5.765e-02     1.279e-01     7.457e+01  
   82       33333    3.541132e+01     0.000e+00     4.035e-02     1.131e-01     5.690e+01  
   83       33733    3.528758e+01     0.000e+00     5.765e-02     2.093e-01     4.727e+01  
   84       34134    3.494611e+01     0.000e+00     4.035e-02     1.092e-01     4.333e+01  
   85       34535    3.453578e+01     0.000e+00     4.035e-02     9.462e-02     5.352e+01  
   86       34935    3.432535e+01     0.000e+00     5.765e-02     1.352e-01     6.532e+01  
   87       35336    3.417620e+01     0.000e+00     4.035e-02     1.130e-01     4.436e+01  
   88       35737    3.378664e+01     0.000e+00     4.035e-02     9.368e-02     5.428e+01  
   89       36137    3.347765e+01     0.000e+00     5.765e-02     1.445e-01     4.656e+01  
 Iter  Func-count            Fval   Feasibility   Step Length       Norm of   First-order  
                                                                       step    optimality
   90       36538    3.311982e+01     0.000e+00     4.035e-02     1.325e-01     4.759e+01  
   91       36939    3.300447e+01     0.000e+00     4.035e-02     1.061e-01     5.077e+01  
   92       37339    3.274987e+01     0.000e+00     5.765e-02     7.446e-02     5.820e+01  
   93       37740    3.266696e+01     0.000e+00     4.035e-02     9.930e-02     4.740e+01  
   94       38141    3.236896e+01     0.000e+00     4.035e-02     1.045e-01     4.339e+01  
   95       38540    3.227795e+01     0.000e+00     8.235e-02     1.414e-01     2.888e+01  
   96       38941    3.208366e+01     0.000e+00     4.035e-02     7.118e-02     4.094e+01  
   97       39343    3.198815e+01     0.000e+00     2.825e-02     7.210e-02     3.453e+01  
   98       39743    3.172145e+01     0.000e+00     5.765e-02     1.107e-01     4.538e+01  
   99       40144    3.148212e+01     0.000e+00     4.035e-02     1.054e-01     3.499e+01  
  100       40545    3.129499e+01     0.000e+00     4.035e-02     1.213e-01     4.367e+01  
  101       40945    3.121378e+01     0.000e+00     5.765e-02     9.346e-02     4.020e+01  
  102       41345    3.113775e+01     0.000e+00     5.765e-02     6.480e-02     2.310e+01  
  103       41746    3.092104e+01     0.000e+00     4.035e-02     7.272e-02     2.540e+01  
  104       42145    3.057610e+01     0.000e+00     8.235e-02     1.348e-01     3.246e+01  
  105       42546    3.049056e+01     0.000e+00     4.035e-02     6.688e-02     3.129e+01  
  106       42947    3.042673e+01     0.000e+00     4.035e-02     9.339e-02     2.555e+01  
  107       43346    3.004951e+01     0.000e+00     8.235e-02     1.388e-01     2.940e+01  
  108       43747    2.990425e+01     0.000e+00     4.035e-02     6.405e-02     3.457e+01  
  109       44148    2.982238e+01     0.000e+00     4.035e-02     4.469e-02     2.441e+01  
  110       44547    2.973853e+01     0.000e+00     8.235e-02     1.052e-01     2.195e+01  
  111       44947    2.955478e+01     0.000e+00     5.765e-02     9.046e-02     2.486e+01  
  112       45347    2.951155e+01     0.000e+00     5.765e-02     9.162e-02     2.033e+01  
  113       45747    2.934125e+01     0.000e+00     5.765e-02     9.378e-02     1.497e+01  
  114       46147    2.923321e+01     0.000e+00     5.765e-02     7.383e-02     1.473e+01  
  115       46547    2.923213e+01     0.000e+00     5.765e-02     8.897e-02     1.871e+01  
  116       46946    2.910852e+01     0.000e+00     8.235e-02     9.432e-02     1.540e+01  
  117       47344    2.894659e+01     0.000e+00     1.176e-01     1.383e-01     1.943e+01  
  118       47744    2.887292e+01     0.000e+00     5.765e-02     5.806e-02     2.389e+01  
  119       48142    2.879542e+01     0.000e+00     1.176e-01     1.370e-01     2.171e+01  
 Iter  Func-count            Fval   Feasibility   Step Length       Norm of   First-order  
                                                                       step    optimality
  120       48540    2.866397e+01     0.000e+00     1.176e-01     1.077e-01     1.872e+01  
  121       48938    2.855125e+01     0.000e+00     1.176e-01     1.134e-01     2.256e+01  
  122       49337    2.839429e+01     0.000e+00     8.235e-02     7.907e-02     2.242e+01  
  123       49735    2.831569e+01     0.000e+00     1.176e-01     8.810e-02     1.600e+01  
  124       50134    2.829065e+01     0.000e+00     8.235e-02     8.534e-02     1.354e+01  
  125       50532    2.819445e+01     0.000e+00     1.176e-01     1.137e-01     1.388e+01  
  126       50929    2.818112e+01     0.000e+00     1.681e-01     1.217e-01     1.993e+01  
  127       51326    2.811757e+01     0.000e+00     1.681e-01     1.100e-01     2.223e+01  
  128       51724    2.807612e+01     0.000e+00     1.176e-01     7.523e-02     2.541e+01  
  129       52123    2.789098e+01     0.000e+00     8.235e-02     8.357e-02     2.664e+01  
  130       52521    2.769935e+01     0.000e+00     1.176e-01     1.013e-01     1.801e+01  
  131       52919    2.755950e+01     0.000e+00     1.176e-01     9.457e-02     1.557e+01  
  132       53317    2.747807e+01     0.000e+00     1.176e-01     4.981e-02     1.361e+01  
  133       53714    2.733949e+01     0.000e+00     1.681e-01     1.062e-01     9.675e+00  
  134       54110    2.718159e+01     0.000e+00     2.401e-01     1.078e-01     9.744e+00  
  135       54509    2.713576e+01     0.000e+00     8.235e-02     3.859e-02     8.072e+00  
  136       54905    2.705130e+01     0.000e+00     2.401e-01     1.151e-01     9.776e+00  
  137       55302    2.697321e+01     0.000e+00     1.681e-01     6.296e-02     9.473e+00  
  138       55699    2.685705e+01     0.000e+00     1.681e-01     1.242e-01     1.265e+01  
  139       56094    2.682741e+01     0.000e+00     3.430e-01     7.900e-02     1.303e+01  
  140       56491    2.678104e+01     0.000e+00     1.681e-01     1.360e-01     1.438e+01  
  141       56887    2.673383e+01     0.000e+00     2.401e-01     7.871e-02     1.482e+01  
  142       57284    2.664650e+01     0.000e+00     1.681e-01     8.803e-02     1.090e+01  
  143       57681    2.658180e+01     0.000e+00     1.681e-01     1.108e-01     1.154e+01  
  144       58076    2.643585e+01     0.000e+00     3.430e-01     1.200e-01     1.264e+01  
  145       58477    2.641125e+01     0.000e+00     4.035e-02     2.819e-02     1.252e+01  
  146       58872    2.636427e+01     0.000e+00     3.430e-01     1.499e-01     1.381e+01  
  147       59271    2.636120e+01     0.000e+00     8.235e-02     5.175e-02     1.020e+01  
  148       59667    2.635122e+01     0.000e+00     2.401e-01     1.369e-01     1.015e+01  
  149       60062    2.625015e+01     0.000e+00     3.430e-01     8.377e-02     2.149e+01  
 Iter  Func-count            Fval   Feasibility   Step Length       Norm of   First-order  
                                                                       step    optimality
  150       60459    2.621231e+01     0.000e+00     1.681e-01     8.185e-02     2.444e+01  
  151       60853    2.610245e+01     0.000e+00     4.900e-01     1.304e-01     1.288e+01  
  152       61245    2.609783e+01     0.000e+00     1.000e+00     2.217e-01     2.140e+01  
  153       61641    2.608423e+01     0.000e+00     2.401e-01     7.174e-02     2.302e+01  
  154       62038    2.601152e+01     0.000e+00     1.681e-01     1.025e-01     2.041e+01  
  155       62433    2.596860e+01     0.000e+00     3.430e-01     7.794e-02     1.294e+01  
  156       62828    2.587896e+01     0.000e+00     3.430e-01     6.770e-02     1.540e+01  
  157       63224    2.585130e+01     0.000e+00     2.401e-01     9.605e-02     1.231e+01  
  158       63620    2.580966e+01     0.000e+00     2.401e-01     8.375e-02     1.941e+01  
  159       64012    2.573607e+01     0.000e+00     1.000e+00     1.956e-01     1.658e+01  
  160       64405    2.563463e+01     5.551e-17     7.000e-01     1.338e-01     1.533e+01  
  161       64802    2.562328e+01     5.551e-17     1.681e-01     6.672e-02     1.030e+01  
  162       65199    2.557528e+01     0.000e+00     1.681e-01     5.047e-02     7.215e+00  
  163       65595    2.555927e+01     2.776e-17     2.401e-01     6.458e-02     1.096e+01  
  164       65991    2.555691e+01     0.000e+00     2.401e-01     9.036e-02     9.773e+00  
  165       66386    2.547178e+01     0.000e+00     3.430e-01     1.457e-01     9.055e+00  
  166       66779    2.546300e+01     0.000e+00     7.000e-01     2.680e-01     1.438e+01  
  167       67173    2.530654e+01     0.000e+00     4.900e-01     1.471e-01     1.522e+01  
  168       67568    2.518041e+01     0.000e+00     3.430e-01     9.935e-02     2.703e+01  
  169       67963    2.507160e+01     0.000e+00     3.430e-01     9.932e-02     2.410e+01  
  170       68358    2.494600e+01     0.000e+00     3.430e-01     1.571e-01     1.618e+01  
  171       68753    2.480758e+01     0.000e+00     3.430e-01     1.965e-01     1.407e+01  
  172       69145    2.463498e+01     5.551e-17     1.000e+00     1.969e-01     1.901e+01  
  173       69540    2.461167e+01     0.000e+00     3.430e-01     1.345e-01     2.228e+01  
  174       69937    2.454382e+01     0.000e+00     1.681e-01     7.895e-02     1.610e+01  
  175       70331    2.450295e+01     0.000e+00     4.900e-01     1.552e-01     1.167e+01  
  176       70726    2.449055e+01     0.000e+00     3.430e-01     9.338e-02     1.327e+01  
  177       71120    2.441112e+01     0.000e+00     4.900e-01     1.416e-01     1.793e+01  
  178       71513    2.425627e+01     0.000e+00     7.000e-01     1.255e-01     2.625e+01  
  179       71905    2.410389e+01     5.551e-17     1.000e+00     1.336e-01     2.157e+01  
 Iter  Func-count            Fval   Feasibility   Step Length       Norm of   First-order  
                                                                       step    optimality
  180       72298    2.402860e+01     2.776e-17     7.000e-01     1.058e-01     1.070e+01  
  181       72695    2.399195e+01     0.000e+00     1.681e-01     4.995e-02     8.917e+00  
  182       73091    2.399059e+01     0.000e+00     2.401e-01     5.536e-02     1.083e+01  
  183       73486    2.398554e+01     0.000e+00     3.430e-01     8.024e-02     1.453e+01  
  184       73878    2.385832e+01     0.000e+00     1.000e+00     1.300e-01     1.014e+01  
  185       74271    2.380536e+01     0.000e+00     7.000e-01     8.845e-02     1.106e+01  
  186       74665    2.377840e+01     5.551e-17     4.900e-01     6.501e-02     7.300e+00  
  187       75059    2.374967e+01     5.551e-17     4.900e-01     7.604e-02     8.249e+00  
  188       75453    2.373523e+01     0.000e+00     4.900e-01     8.546e-02     9.849e+00  
  189       75846    2.370183e+01     0.000e+00     7.000e-01     1.769e-01     8.134e+00  
  190       76238    2.353448e+01     0.000e+00     1.000e+00     1.801e-01     1.403e+01  
  191       76634    2.349543e+01     0.000e+00     2.401e-01     8.235e-02     1.267e+01  
  192       77030    2.345993e+01     2.776e-17     2.401e-01     9.812e-02     1.216e+01  
  193       77424    2.338862e+01     2.776e-17     4.900e-01     1.212e-01     1.246e+01  
  194       77817    2.330132e+01     5.551e-17     7.000e-01     1.905e-01     1.204e+01  
  195       78209    2.311550e+01     5.551e-17     1.000e+00     1.360e-01     8.104e+00  
  196       78603    2.307865e+01     0.000e+00     4.900e-01     7.224e-02     1.413e+01  
  197       78997    2.306133e+01     0.000e+00     4.900e-01     8.624e-02     8.814e+00  
  198       79391    2.304862e+01     0.000e+00     4.900e-01     1.481e-01     1.294e+01  
  199       79783    2.293468e+01     0.000e+00     1.000e+00     2.003e-01     1.331e+01  
  200       80175    2.270186e+01     5.551e-17     1.000e+00     1.236e-01     1.580e+01  
  201       80571    2.267696e+01     0.000e+00     2.401e-01     6.437e-02     9.881e+00  
  202       80965    2.259755e+01     0.000e+00     4.900e-01     1.736e-01     1.329e+01  
  203       81359    2.258326e+01     0.000e+00     4.900e-01     2.338e-01     1.385e+01  
  204       81752    2.249337e+01     0.000e+00     7.000e-01     2.213e-01     2.169e+01  
  205       82146    2.238762e+01     0.000e+00     4.900e-01     1.541e-01     2.003e+01  
  206       82539    2.216577e+01     0.000e+00     7.000e-01     1.763e-01     1.118e+01  
  207       82931    2.215705e+01     0.000e+00     1.000e+00     1.783e-01     1.621e+01  
  208       83323    2.195200e+01     5.551e-17     1.000e+00     1.885e-01     1.460e+01  
  209       83716    2.190547e+01     5.551e-17     7.000e-01     1.149e-01     1.048e+01  
 Iter  Func-count            Fval   Feasibility   Step Length       Norm of   First-order  
                                                                       step    optimality
  210       84111    2.185490e+01     5.551e-17     3.430e-01     5.798e-02     6.369e+00  
  211       84503    2.180837e+01     0.000e+00     1.000e+00     1.301e-01     9.773e+00  
  212       84895    2.169499e+01     1.110e-16     1.000e+00     8.144e-02     5.537e+00  
  213       85288    2.167626e+01     5.551e-17     7.000e-01     3.984e-02     4.188e+00  
  214       85680    2.167572e+01     1.110e-16     1.000e+00     6.385e-02     6.908e+00  
  215       86073    2.166956e+01     5.551e-17     7.000e-01     8.715e-02     7.538e+00  
  216       86465    2.163240e+01     1.110e-16     1.000e+00     8.118e-02     6.184e+00  
  217       86857    2.157124e+01     0.000e+00     1.000e+00     7.051e-02     5.354e+00  
  218       87249    2.151864e+01     5.551e-17     1.000e+00     1.233e-01     4.240e+00  
  219       87643    2.150619e+01     5.551e-17     4.900e-01     1.774e-01     5.199e+00  
  220       88035    2.141907e+01     0.000e+00     1.000e+00     2.757e-01     1.337e+01  
  221       88429    2.137721e+01     0.000e+00     4.900e-01     1.292e-01     1.166e+01  
  222       88822    2.135226e+01     0.000e+00     7.000e-01     1.237e-01     1.019e+01  
  223       89214    2.124111e+01     0.000e+00     1.000e+00     1.814e-01     1.274e+01  
  224       89606    2.120607e+01     0.000e+00     1.000e+00     1.073e-01     1.118e+01  
  225       89998    2.118064e+01     5.551e-17     1.000e+00     9.094e-02     1.264e+01  
  226       90391    2.115596e+01     1.110e-16     7.000e-01     7.634e-02     5.539e+00  
  227       90784    2.111675e+01     5.551e-17     7.000e-01     7.310e-02     9.602e+00  
  228       91176    2.110653e+01     1.110e-16     1.000e+00     1.166e-01     5.495e+00  
  229       91568    2.105450e+01     2.776e-17     1.000e+00     6.907e-02     9.453e+00  
  230       91961    2.104716e+01     5.551e-17     7.000e-01     6.012e-02     5.441e+00  
  231       92353    2.100506e+01     5.551e-17     1.000e+00     9.029e-02     6.453e+00  
  232       92745    2.098012e+01     5.551e-17     1.000e+00     9.186e-02     3.900e+00  
  233       93137    2.095382e+01     5.551e-17     1.000e+00     8.240e-02     5.263e+00  
  234       93529    2.094242e+01     1.110e-16     1.000e+00     1.205e-01     5.851e+00  
  235       93921    2.091712e+01     1.110e-16     1.000e+00     1.601e-01     7.042e+00  
  236       94314    2.091006e+01     0.000e+00     7.000e-01     1.301e-01     6.639e+00  
  237       94706    2.087247e+01     1.110e-16     1.000e+00     5.707e-02     3.196e+00  
  238       95098    2.085459e+01     5.551e-17     1.000e+00     5.900e-02     3.142e+00  
  239       95490    2.085271e+01     2.776e-17     1.000e+00     1.251e-01     3.198e+00  
 Iter  Func-count            Fval   Feasibility   Step Length       Norm of   First-order  
                                                                       step    optimality
  240       95883    2.084990e+01     5.551e-17     7.000e-01     9.924e-02     3.773e+00  
  241       96275    2.083438e+01     5.551e-17     1.000e+00     6.857e-02     2.650e+00  
  242       96667    2.081666e+01     0.000e+00     1.000e+00     3.825e-02     3.877e+00  
  243       97059    2.080203e+01     5.551e-17     1.000e+00     9.304e-02     1.339e+00  
  244       97451    2.078838e+01     5.551e-17     1.000e+00     1.135e-01     2.654e+00  
  245       97843    2.077002e+01     5.551e-17     1.000e+00     2.038e-01     2.563e+00  
  246       98235    2.075211e+01     5.551e-17     1.000e+00     3.225e-01     2.403e+00  
  247       98627    2.073921e+01     5.551e-17     1.000e+00     1.210e-01     2.339e+00  
  248       99019    2.072502e+01     0.000e+00     1.000e+00     1.088e-01     1.872e+00  
  249       99411    2.071435e+01     1.110e-16     1.000e+00     2.093e-01     3.960e+00  
  250       99805    2.070947e+01     0.000e+00     4.900e-01     4.516e-02     2.542e+00  
  251      100199    2.070105e+01     2.776e-17     4.900e-01     4.924e-02     1.847e+00  
  252      100591    2.068563e+01     5.551e-17     1.000e+00     6.250e-02     1.165e+00  
  253      100983    2.067936e+01     0.000e+00     1.000e+00     3.154e-02     8.040e-01  
  254      101375    2.067297e+01     5.551e-17     1.000e+00     4.400e-02     8.884e-01  
  255      101767    2.066034e+01     5.551e-17     1.000e+00     1.623e-01     1.685e+00  
  256      102159    2.065236e+01     0.000e+00     1.000e+00     4.184e-02     1.248e+00  
  257      102551    2.064554e+01     2.776e-17     1.000e+00     6.568e-02     1.342e+00  
  258      102943    2.064065e+01     5.551e-17     1.000e+00     8.043e-02     1.492e+00  
  259      103335    2.063555e+01     5.551e-17     1.000e+00     3.789e-02     1.330e+00  
  260      103727    2.062979e+01     2.776e-17     1.000e+00     7.027e-02     6.606e-01  
  261      104119    2.062467e+01     5.551e-17     1.000e+00     9.243e-02     8.586e-01  
  262      104511    2.062008e+01     5.551e-17     1.000e+00     4.775e-02     6.131e-01  
  263      104903    2.061745e+01     0.000e+00     1.000e+00     2.376e-02     5.710e-01  
  264      105295    2.061565e+01     5.551e-17     1.000e+00     2.268e-02     6.224e-01  
  265      105687    2.061374e+01     5.551e-17     1.000e+00     2.739e-02     4.809e-01  
  266      106079    2.061166e+01     5.551e-17     1.000e+00     3.677e-02     5.467e-01  
  267      106471    2.060983e+01     0.000e+00     1.000e+00     7.256e-02     9.499e-01  
  268      106863    2.060701e+01     5.551e-17     1.000e+00     4.314e-02     1.137e+00  
  269      107255    2.060455e+01     2.776e-17     1.000e+00     5.864e-02     3.861e-01  
 Iter  Func-count            Fval   Feasibility   Step Length       Norm of   First-order  
                                                                       step    optimality
  270      107647    2.060282e+01     2.776e-17     1.000e+00     5.210e-02     7.749e-01  
  271      108039    2.060110e+01     5.551e-17     1.000e+00     3.449e-02     4.478e-01  
  272      108431    2.059925e+01     5.551e-17     1.000e+00     4.424e-02     4.840e-01  
  273      108823    2.059767e+01     5.551e-17     1.000e+00     7.468e-02     8.152e-01  
  274      109215    2.059610e+01     2.776e-17     1.000e+00     7.175e-02     5.577e-01  
  275      109607    2.059535e+01     2.776e-17     1.000e+00     1.032e-01     8.340e-01  
  276      109999    2.059276e+01     1.388e-17     1.000e+00     1.450e-02     9.107e-01  
  277      110391    2.059153e+01     5.551e-17     1.000e+00     1.815e-02     3.089e-01  
  278      110783    2.059051e+01     2.776e-17     1.000e+00     2.307e-02     3.712e-01  
  279      111175    2.058868e+01     2.776e-17     1.000e+00     6.758e-02     6.470e-01  
  280      111567    2.058735e+01     1.110e-16     1.000e+00     1.248e-01     8.748e-01  
  281      111959    2.058574e+01     2.776e-17     1.000e+00     3.676e-02     7.306e-01  
  282      112351    2.058466e+01     2.776e-17     1.000e+00     2.058e-02     2.856e-01  
  283      112743    2.058370e+01     5.551e-17     1.000e+00     2.408e-02     2.587e-01  
  284      113135    2.058263e+01     5.551e-17     1.000e+00     6.039e-02     3.820e-01  
  285      113527    2.058094e+01     2.776e-17     1.000e+00     3.878e-02     3.424e-01  
  286      113919    2.057910e+01     5.551e-17     1.000e+00     8.698e-02     4.803e-01  
  287      114311    2.057873e+01     2.776e-17     1.000e+00     1.548e-01     5.333e-01  
  288      114703    2.057723e+01     2.776e-17     1.000e+00     4.871e-02     7.432e-01  
  289      115095    2.057560e+01     2.776e-17     1.000e+00     2.960e-02     5.887e-01  
  290      115487    2.057411e+01     8.327e-17     1.000e+00     8.074e-02     5.292e-01  
  291      115879    2.057314e+01     2.776e-17     1.000e+00     1.757e-02     3.461e-01  
  292      116271    2.057241e+01     2.776e-17     1.000e+00     2.726e-02     7.988e-01  
  293      116663    2.057168e+01     4.163e-17     1.000e+00     1.922e-02     2.665e-01  
  294      117055    2.057080e+01     2.776e-17     1.000e+00     3.625e-02     3.122e-01  
  295      117447    2.057015e+01     2.776e-17     1.000e+00     1.259e-02     2.697e-01  
  296      117839    2.056986e+01     2.776e-17     1.000e+00     2.139e-02     3.494e-01  
  297      118231    2.056947e+01     2.776e-17     1.000e+00     5.798e-03     2.582e-01  
  298      118623    2.056923e+01     0.000e+00     1.000e+00     1.073e-02     2.979e-01  
  299      119015    2.056894e+01     8.327e-17     1.000e+00     9.023e-03     1.789e-01  
 Iter  Func-count            Fval   Feasibility   Step Length       Norm of   First-order  
                                                                       step    optimality
  300      119407    2.056871e+01     2.776e-17     1.000e+00     4.361e-02     3.882e-01  
  301      119799    2.056809e+01     2.776e-17     1.000e+00     1.660e-02     2.665e-01  
  302      120191    2.056738e+01     2.776e-17     1.000e+00     4.856e-02     3.150e-01  
  303      120583    2.056684e+01     8.327e-17     1.000e+00     2.233e-02     3.260e-01  
  304      120975    2.056635e+01     5.551e-17     1.000e+00     3.156e-02     3.158e-01  
  305      121367    2.056583e+01     5.551e-17     1.000e+00     3.497e-02     3.440e-01  
  306      121759    2.056546e+01     2.776e-17     1.000e+00     8.074e-02     4.219e-01  
  307      122151    2.056494e+01     8.327e-17     1.000e+00     1.807e-02     3.039e-01  
  308      122543    2.056442e+01     0.000e+00     1.000e+00     5.671e-02     9.248e-01  
  309      122935    2.056369e+01     5.551e-17     1.000e+00     2.203e-02     3.712e-01  
  310      123327    2.056318e+01     2.776e-17     1.000e+00     1.632e-02     1.784e-01  
  311      123719    2.056296e+01     5.551e-17     1.000e+00     1.089e-02     2.585e-01  
  312      124111    2.056272e+01     2.776e-17     1.000e+00     1.122e-02     2.486e-01  
  313      124503    2.056245e+01     2.776e-17     1.000e+00     2.241e-02     3.084e-01  
  314      124895    2.056208e+01     5.551e-17     1.000e+00     1.701e-02     2.554e-01  
  315      125287    2.056165e+01     2.776e-17     1.000e+00     3.754e-02     2.531e-01  
  316      125679    2.056116e+01     2.776e-17     1.000e+00     3.754e-02     2.831e-01  
  317      126071    2.056061e+01     2.776e-17     1.000e+00     4.074e-02     2.199e-01  
  318      126463    2.056033e+01     5.551e-17     1.000e+00     7.216e-03     1.328e-01  
  319      126855    2.056022e+01     2.776e-17     1.000e+00     1.504e-02     3.168e-01  
  320      127247    2.056017e+01     5.551e-17     1.000e+00     1.299e-02     2.141e-01  
  321      127639    2.055993e+01     2.776e-17     1.000e+00     8.885e-03     1.852e-01  
  322      128031    2.055969e+01     8.327e-17     1.000e+00     2.149e-02     2.584e-01  
  323      128423    2.055941e+01     2.776e-17     1.000e+00     5.429e-02     2.521e-01  
  324      128815    2.055919e+01     2.776e-17     1.000e+00     7.165e-02     3.726e-01  
  325      129207    2.055883e+01     2.776e-17     1.000e+00     4.250e-02     2.705e-01  
  326      129599    2.055836e+01     5.551e-17     1.000e+00     5.243e-02     4.335e-01  
  327      129991    2.055774e+01     2.776e-17     1.000e+00     8.621e-02     3.981e-01  
  328      130383    2.055682e+01     8.327e-17     1.000e+00     1.655e-01     3.086e-01  
  329      130775    2.055603e+01     2.776e-17     1.000e+00     5.052e-02     2.604e-01  
 Iter  Func-count            Fval   Feasibility   Step Length       Norm of   First-order  
                                                                       step    optimality
  330      131167    2.055549e+01     5.551e-17     1.000e+00     1.813e-02     4.950e-01  
  331      131559    2.055517e+01     5.551e-17     1.000e+00     1.663e-02     1.431e-01  
  332      131951    2.055491e+01     4.163e-17     1.000e+00     1.763e-02     4.187e-01  
  333      132343    2.055466e+01     5.551e-17     1.000e+00     3.013e-02     4.239e-01  
  334      132735    2.055427e+01     5.551e-17     1.000e+00     2.878e-02     3.136e-01  
  335      133127    2.055359e+01     1.388e-17     1.000e+00     8.168e-02     3.305e-01  
  336      133519    2.055300e+01     5.551e-17     1.000e+00     6.369e-02     2.545e-01  
  337      133911    2.055218e+01     2.776e-17     1.000e+00     2.082e-01     8.679e-01  
  338      134303    2.055086e+01     2.776e-17     1.000e+00     2.028e-02     4.430e-01  
  339      134695    2.054946e+01     2.776e-17     1.000e+00     3.588e-02     2.624e-01  
  340      135087    2.054890e+01     2.776e-17     1.000e+00     3.830e-02     2.327e-01  
  341      135479    2.054834e+01     0.000e+00     1.000e+00     2.772e-02     2.287e-01  
  342      135871    2.054742e+01     2.776e-17     1.000e+00     4.274e-02     2.610e-01  
  343      136263    2.054696e+01     2.776e-17     1.000e+00     1.688e-02     2.014e-01  
  344      136655    2.054653e+01     5.551e-17     1.000e+00     2.356e-02     1.815e-01  
  345      137047    2.054582e+01     5.551e-17     1.000e+00     4.822e-02     2.345e-01  
  346      137439    2.054500e+01     8.327e-17     1.000e+00     6.111e-02     3.532e-01  
  347      137831    2.054419e+01     2.776e-17     1.000e+00     6.434e-02     3.699e-01  
  348      138223    2.054386e+01     2.776e-17     1.000e+00     1.494e-02     2.422e-01  
  349      138617    2.054382e+01     5.551e-17     4.900e-01     1.012e-02     3.061e-01  
  350      139009    2.054359e+01     2.776e-17     1.000e+00     7.397e-03     2.196e-01  
  351      139401    2.054336e+01     5.551e-17     1.000e+00     1.599e-02     1.754e-01  
  352      139793    2.054319e+01     8.327e-17     1.000e+00     1.400e-02     2.026e-01  
  353      140185    2.054288e+01     2.776e-17     1.000e+00     3.906e-02     1.952e-01  
  354      140577    2.054246e+01     5.551e-17     1.000e+00     4.962e-02     2.171e-01  
  355      140969    2.054185e+01     5.551e-17     1.000e+00     9.525e-02     4.991e-01  
  356      141361    2.054083e+01     5.551e-17     1.000e+00     8.543e-02     4.165e-01  
  357      141753    2.053942e+01     5.551e-17     1.000e+00     9.255e-02     3.709e-01  
  358      142145    2.053739e+01     1.388e-16     1.000e+00     9.838e-02     4.557e-01  
  359      142537    2.053228e+01     2.776e-17     1.000e+00     3.239e-01     7.549e-01  
 Iter  Func-count            Fval   Feasibility   Step Length       Norm of   First-order  
                                                                       step    optimality
  360      142929    2.052694e+01     5.551e-17     1.000e+00     2.636e-01     8.667e-01  
  361      143321    2.052128e+01     2.776e-17     1.000e+00     6.032e-02     7.793e-01  
  362      143713    2.051628e+01     2.776e-17     1.000e+00     4.879e-02     5.538e-01  
  363      144105    2.051435e+01     2.776e-17     1.000e+00     3.641e-02     6.332e-01  
  364      144497    2.051321e+01     2.776e-17     1.000e+00     4.049e-02     2.931e-01  
  365      144889    2.051250e+01     5.551e-17     1.000e+00     2.872e-02     3.565e-01  
  366      145281    2.051186e+01     8.327e-17     1.000e+00     2.690e-02     2.823e-01  
  367      145673    2.051136e+01     5.551e-17     1.000e+00     3.495e-02     2.081e-01  
  368      146065    2.051096e+01     2.776e-17     1.000e+00     1.955e-02     3.769e-01  
  369      146457    2.051066e+01     5.551e-17     1.000e+00     4.727e-02     4.583e-01  
  370      146849    2.051034e+01     8.327e-17     1.000e+00     8.991e-03     2.534e-01  
  371      147241    2.051008e+01     2.776e-17     1.000e+00     1.178e-02     2.263e-01  
  372      147633    2.050987e+01     5.551e-17     1.000e+00     1.592e-02     1.651e-01  
  373      148025    2.050970e+01     2.776e-17     1.000e+00     3.338e-02     1.643e-01  
  374      148417    2.050964e+01     5.551e-17     1.000e+00     1.564e-02     1.323e-01  
  375      148809    2.050957e+01     5.551e-17     1.000e+00     1.445e-02     2.320e-01  
  376      149201    2.050951e+01     2.776e-17     1.000e+00     4.962e-03     1.423e-01  
  377      149593    2.050944e+01     2.776e-17     1.000e+00     1.059e-02     1.585e-01  
  378      149985    2.050937e+01     5.551e-17     1.000e+00     6.850e-03     1.378e-01  
  379      150377    2.050934e+01     4.163e-17     1.000e+00     2.085e-02     2.740e-01  
  380      150769    2.050926e+01     8.327e-17     1.000e+00     3.174e-03     2.621e-01  
  381      151161    2.050920e+01     5.551e-17     1.000e+00     6.688e-03     1.542e-01  
  382      151553    2.050913e+01     2.776e-17     1.000e+00     5.762e-03     2.711e-01  
  383      151945    2.050912e+01     2.776e-17     1.000e+00     1.437e-02     2.126e-01  
  384      152337    2.050904e+01     2.776e-17     1.000e+00     3.448e-03     2.532e-01  
  385      152731    2.050903e+01     2.776e-17     4.900e-01     1.274e-02     2.464e-01  
  386      153123    2.050899e+01     1.388e-17     1.000e+00     7.947e-03     9.545e-02  
  387      153515    2.050897e+01     2.776e-17     1.000e+00     8.952e-03     1.961e-01  
  388      153919    2.050897e+01     5.551e-17     1.384e-02     3.642e-04     1.967e-01  
  389      154311    2.050896e+01     2.776e-17     1.000e+00     9.635e-03     2.194e-01  
 Iter  Func-count            Fval   Feasibility   Step Length       Norm of   First-order  
                                                                       step    optimality
  390      154703    2.050892e+01     2.776e-17     1.000e+00     2.881e-03     1.931e-01  
  391      155095    2.050890e+01     0.000e+00     1.000e+00     5.622e-03     9.684e-02  
  392      155487    2.050886e+01     2.776e-17     1.000e+00     5.432e-03     2.229e-01  
  393      155881    2.050885e+01     2.776e-17     4.900e-01     1.074e-02     1.894e-01  
  394      156273    2.050882e+01     8.327e-17     1.000e+00     8.711e-03     1.867e-01  
  395      156665    2.050877e+01     2.776e-17     1.000e+00     5.048e-03     1.484e-01  
  396      157064    2.050877e+01     2.776e-17     8.235e-02     4.009e-03     1.486e-01  
  397      157456    2.050875e+01     2.776e-17     1.000e+00     3.953e-03     1.299e-01  
  398      157849    2.050874e+01     2.776e-17     7.000e-01     7.935e-03     2.300e-01  
  399      158241    2.050870e+01     5.551e-17     1.000e+00     1.450e-02     2.461e-01  
  400      158633    2.050868e+01     8.327e-17     1.000e+00     3.003e-02     5.121e-01  
  401      159025    2.050863e+01     2.776e-17     1.000e+00     7.112e-03     1.508e-01  
  402      159417    2.050861e+01     2.776e-17     1.000e+00     5.152e-03     1.356e-01  
  403      159809    2.050859e+01     5.551e-17     1.000e+00     6.481e-03     1.660e-01  
  404      160207    2.050859e+01     5.551e-17     1.176e-01     4.210e-03     1.640e-01  
  405      160603    2.050859e+01     8.327e-17     2.401e-01     1.090e-02     1.608e-01  
  406      160995    2.050857e+01     0.000e+00     1.000e+00     1.728e-02     1.549e-01  
  407      161391    2.050857e+01     2.776e-17     2.401e-01     8.696e-03     1.127e-01  
  408      161797    2.050857e+01     2.776e-17     6.782e-03     1.617e-03     2.327e-01  
  409      161831    2.050857e+01     2.776e-17     5.412e-06     1.849e-06     2.327e-01  

<a href = "matlab: helpview('optim','local_min_poss_with_constr','CSHelpWindow');">Local minimum possible. Constraints satisfied</a>.

fmincon stopped because the <a href = "matlab: helpview('optim','norm_curr_step_simple_fminconip','CSHelpWindow');">size of the current step</a> is less than
the value of the <a href = "matlab: helpview('optim','step_size_tol','CSHelpWindow');">step size tolerance</a> and constraints are 
satisfied to within the value of the <a href = "matlab: helpview('optim','constraint_tolerance','CSHelpWindow');">constraint tolerance</a>.

<<a href = "matlab: createExitMsg({'optimlib:sqpLineSearch:Exit2basic','fmincon'},{'optimlib:sqpLineSearch:Exit2detailed','1.000000e-06','2.775558e-17','1.000000e-06'},true,true);;">stopping criteria details</a>>
The root mean sqrt (RMS) errors between model-predicted and inverse dynamic moments are: 

 5.3563      3.3735      3.5962      2.2198      3.8694      2.3981 
The mean absolute errors (MAEs) between model-predicted and inverse dynamic moments are: 

 4.6615      2.8883      2.9022      1.8544      3.2241      1.9125 
Muscle-Tendon Personalization Runtime: 0.123834 Hours
