
                                            Norm of      First-order 
 Iteration  Func-count      Resnorm            step       optimality
     0        142           360.743                         5.17e+03
     1        284           42.1274        0.602645              492      
     2        426           28.8567        0.314883              241      
     3        568           17.5452         0.57493             23.7      
     4        710           15.3078        0.331197             15.2      
     5        852           13.9425        0.373234             13.4      
     6        994           13.6666        0.203592             4.18      
     7       1136           13.5399        0.191688             9.71      
     8       1278           13.5399        0.151608             9.71      
     9       1420           13.5284       0.0379021             6.19      
    10       1562           13.5228       0.0379021             3.12      
    11       1704           13.5168       0.0379021             1.13      
    12       1846           13.5126       0.0379021             1.52      
    13       1988           13.5097        0.066464              4.2      
    14       2130           13.5097       0.0758042             7.88      
    15       2272            13.507        0.018951            0.996      
    16       2414           13.5062        0.018951            0.565      
    17       2556           13.5058       0.0379021             2.94      
    18       2698           13.5058       0.0379021             2.94      
    19       2840           13.5055      0.00947552            0.186      
    20       2982           13.5054      0.00947552             1.27      
    21       3124           13.5054      0.00947552            0.439      
    22       3266           13.5054      0.00236888           0.0969      
    23       3408           13.5054      0.00236888            0.353      
    24       3550           13.5054      0.00236888           0.0213      
    25       3692           13.5054      0.00236888            0.346      
    26       3834           13.5054      0.00059222            0.016      

<a href = "matlab: helpview('optim','local_min_possible_lsq','CSHelpWindow');">Local minimum possible</a>.

lsqnonlin stopped because the final change in the sum of squares relative to 
its initial value is less than the value of the <a href = "matlab: helpview('optim','function_tolerance_lsq','CSHelpWindow');">function tolerance</a>.

<<a href = "matlab: createExitMsg({'optimlib:snls:Exit3basic','lsqnonlin'},{'optimlib:snls:Exit3detailed','1.000000e-06'},true,true);;">stopping criteria details</a>>
 Iter  Func-count            Fval   Feasibility   Step Length       Norm of   First-order  
                                                                       step    optimality
    0         392    1.135903e+03     0.000e+00     1.000e+00     0.000e+00     3.951e+03  
    1         801    7.396790e+02     0.000e+00     2.326e-03     4.323e-01     2.108e+03  
    2        1209    6.135736e+02     0.000e+00     3.323e-03     2.442e-01     3.415e+03  
    3        1617    5.703070e+02     0.000e+00     3.323e-03     1.935e-01     1.670e+03  
    4        2024    5.475800e+02     0.000e+00     4.748e-03     1.164e-01     1.393e+03  
    5        2432    5.463559e+02     0.000e+00     3.323e-03     1.321e-01     1.566e+03  
    6        2839    5.355164e+02     0.000e+00     4.748e-03     1.500e-01     1.398e+03  
    7        3245    5.317276e+02     0.000e+00     6.782e-03     1.478e-01     9.201e+02  
    8        3651    5.211367e+02     0.000e+00     6.782e-03     1.035e-01     1.038e+03  
    9        4055    5.172564e+02     0.000e+00     1.384e-02     2.420e-01     1.647e+03  
   10        4460    4.935146e+02     0.000e+00     9.689e-03     2.485e-01     1.414e+03  
   11        4866    4.826891e+02     0.000e+00     6.782e-03     1.753e-01     1.077e+03  
   12        5271    4.643940e+02     0.000e+00     9.689e-03     2.213e-01     9.002e+02  
   13        5675    4.489769e+02     0.000e+00     1.384e-02     2.099e-01     6.048e+02  
   14        6078    4.312204e+02     0.000e+00     1.977e-02     2.995e-01     5.769e+02  
   15        6481    4.007213e+02     0.000e+00     1.977e-02     3.238e-01     5.539e+02  
   16        6884    3.692417e+02     0.000e+00     1.977e-02     2.914e-01     5.204e+02  
   17        7287    3.553250e+02     0.000e+00     1.977e-02     2.883e-01     4.238e+02  
   18        7689    3.249619e+02     0.000e+00     2.825e-02     4.955e-01     3.438e+02  
   19        8092    3.065417e+02     0.000e+00     1.977e-02     2.657e-01     2.696e+02  
   20        8494    2.930988e+02     0.000e+00     2.825e-02     3.108e-01     2.999e+02  
   21        8897    2.770256e+02     0.000e+00     1.977e-02     2.005e-01     4.180e+02  
   22        9299    2.705851e+02     0.000e+00     2.825e-02     3.829e-01     1.969e+02  
   23        9699    2.648158e+02     0.000e+00     5.765e-02     3.722e-01     4.372e+02  
   24       10099    2.466026e+02     0.000e+00     5.765e-02     4.679e-01     2.648e+02  
   25       10499    2.440447e+02     0.000e+00     5.765e-02     4.783e-01     2.217e+02  
   26       10899    2.275266e+02     0.000e+00     5.765e-02     3.663e-01     3.077e+02  
   27       11298    2.005495e+02     0.000e+00     8.235e-02     5.827e-01     3.610e+02  
   28       11698    1.976095e+02     0.000e+00     5.765e-02     3.840e-01     4.076e+02  
   29       12099    1.829320e+02     0.000e+00     4.035e-02     3.390e-01     4.571e+02  
 Iter  Func-count            Fval   Feasibility   Step Length       Norm of   First-order  
                                                                       step    optimality
   30       12500    1.802571e+02     0.000e+00     4.035e-02     3.123e-01     2.357e+02  
   31       12899    1.661717e+02     0.000e+00     8.235e-02     4.470e-01     1.759e+02  
   32       13299    1.563258e+02     0.000e+00     5.765e-02     4.508e-01     2.725e+02  
   33       13699    1.529287e+02     0.000e+00     5.765e-02     5.010e-01     3.263e+02  
   34       14099    1.486171e+02     0.000e+00     5.765e-02     3.393e-01     2.891e+02  
   35       14499    1.414848e+02     0.000e+00     5.765e-02     4.242e-01     2.879e+02  
   36       14897    1.317198e+02     0.000e+00     1.176e-01     3.632e-01     2.757e+02  
   37       15295    1.312228e+02     0.000e+00     1.176e-01     4.677e-01     2.751e+02  
   38       15695    1.232133e+02     0.000e+00     5.765e-02     3.315e-01     2.203e+02  
   39       16094    1.167245e+02     0.000e+00     8.235e-02     3.924e-01     2.186e+02  
   40       16493    1.102285e+02     0.000e+00     8.235e-02     3.668e-01     2.194e+02  
   41       16892    9.896992e+01     0.000e+00     8.235e-02     3.339e-01     1.567e+02  
   42       17291    9.050628e+01     0.000e+00     8.235e-02     2.994e-01     1.592e+02  
   43       17690    8.389631e+01     0.000e+00     8.235e-02     2.582e-01     1.455e+02  
   44       18089    8.204584e+01     0.000e+00     8.235e-02     3.073e-01     1.527e+02  
   45       18488    7.990089e+01     0.000e+00     8.235e-02     3.469e-01     1.573e+02  
   46       18887    7.664239e+01     0.000e+00     8.235e-02     1.842e-01     1.663e+02  
   47       19286    7.328932e+01     0.000e+00     8.235e-02     2.414e-01     1.342e+02  
   48       19684    7.317049e+01     0.000e+00     1.176e-01     2.773e-01     1.873e+02  
   49       20082    7.309014e+01     0.000e+00     1.176e-01     3.361e-01     1.953e+02  
   50       20480    7.131632e+01     0.000e+00     1.176e-01     3.082e-01     1.280e+02  
   51       20878    6.722501e+01     0.000e+00     1.176e-01     2.316e-01     1.990e+02  
   52       21276    6.571478e+01     0.000e+00     1.176e-01     2.736e-01     1.391e+02  
   53       21674    6.192158e+01     0.000e+00     1.176e-01     2.570e-01     1.846e+02  
   54       22072    6.037673e+01     0.000e+00     1.176e-01     2.568e-01     1.602e+02  
   55       22471    5.945222e+01     0.000e+00     8.235e-02     2.750e-01     1.653e+02  
   56       22870    5.753861e+01     0.000e+00     8.235e-02     1.580e-01     2.126e+02  
   57       23269    5.709166e+01     0.000e+00     8.235e-02     1.450e-01     1.461e+02  
   58       23667    5.583119e+01     0.000e+00     1.176e-01     2.173e-01     1.345e+02  
   59       24065    5.526768e+01     0.000e+00     1.176e-01     1.868e-01     1.232e+02  
 Iter  Func-count            Fval   Feasibility   Step Length       Norm of   First-order  
                                                                       step    optimality
   60       24464    5.353012e+01     0.000e+00     8.235e-02     2.558e-01     1.126e+02  
   61       24863    5.249526e+01     0.000e+00     8.235e-02     1.550e-01     1.593e+02  
   62       25262    5.067403e+01     0.000e+00     8.235e-02     1.754e-01     1.191e+02  
   63       25660    5.017854e+01     0.000e+00     1.176e-01     2.489e-01     1.140e+02  
   64       26059    4.854754e+01     0.000e+00     8.235e-02     1.394e-01     9.636e+01  
   65       26457    4.844019e+01     0.000e+00     1.176e-01     1.509e-01     1.495e+02  
   66       26857    4.738376e+01     0.000e+00     5.765e-02     1.359e-01     9.803e+01  
   67       27256    4.630561e+01     0.000e+00     8.235e-02     1.383e-01     8.940e+01  
   68       27656    4.520900e+01     0.000e+00     5.765e-02     1.258e-01     6.595e+01  
   69       28055    4.489656e+01     0.000e+00     8.235e-02     1.157e-01     7.334e+01  
   70       28453    4.416290e+01     0.000e+00     1.176e-01     1.534e-01     5.682e+01  
   71       28853    4.372146e+01     0.000e+00     5.765e-02     6.831e-02     5.572e+01  
   72       29253    4.310578e+01     0.000e+00     5.765e-02     9.760e-02     7.881e+01  
   73       29652    4.249459e+01     0.000e+00     8.235e-02     1.409e-01     6.234e+01  
   74       30053    4.191719e+01     0.000e+00     4.035e-02     8.257e-02     6.656e+01  
   75       30453    4.146709e+01     0.000e+00     5.765e-02     7.113e-02     5.509e+01  
   76       30853    4.123904e+01     0.000e+00     5.765e-02     1.114e-01     5.765e+01  
   77       31252    4.098082e+01     0.000e+00     8.235e-02     8.147e-02     4.642e+01  
   78       31651    4.091486e+01     0.000e+00     8.235e-02     1.054e-01     7.481e+01  
   79       32050    4.072761e+01     0.000e+00     8.235e-02     1.182e-01     5.251e+01  
   80       32449    4.022327e+01     0.000e+00     8.235e-02     9.928e-02     5.082e+01  
   81       32847    4.005805e+01     0.000e+00     1.176e-01     1.036e-01     6.355e+01  
   82       33246    3.940470e+01     0.000e+00     8.235e-02     8.785e-02     5.202e+01  
   83       33646    3.913996e+01     0.000e+00     5.765e-02     9.542e-02     4.225e+01  
   84       34044    3.893473e+01     0.000e+00     1.176e-01     9.964e-02     4.477e+01  
   85       34441    3.863054e+01     0.000e+00     1.681e-01     1.423e-01     4.170e+01  
   86       34840    3.827115e+01     0.000e+00     8.235e-02     8.976e-02     3.761e+01  
   87       35237    3.777558e+01     0.000e+00     1.681e-01     1.369e-01     4.526e+01  
   88       35635    3.727255e+01     0.000e+00     1.176e-01     7.832e-02     4.199e+01  
   89       36034    3.667212e+01     0.000e+00     8.235e-02     8.818e-02     4.143e+01  
 Iter  Func-count            Fval   Feasibility   Step Length       Norm of   First-order  
                                                                       step    optimality
   90       36431    3.624126e+01     0.000e+00     1.681e-01     9.521e-02     5.661e+01  
   91       36831    3.617340e+01     0.000e+00     5.765e-02     6.316e-02     4.673e+01  
   92       37229    3.591256e+01     0.000e+00     1.176e-01     1.110e-01     2.311e+01  
   93       37627    3.564664e+01     0.000e+00     1.176e-01     8.039e-02     2.639e+01  
   94       38024    3.530261e+01     0.000e+00     1.681e-01     8.947e-02     3.346e+01  
   95       38421    3.484217e+01     0.000e+00     1.681e-01     9.850e-02     4.053e+01  
   96       38819    3.443745e+01     0.000e+00     1.176e-01     9.372e-02     3.609e+01  
   97       39217    3.419771e+01     0.000e+00     1.176e-01     8.321e-02     4.913e+01  
   98       39614    3.395900e+01     0.000e+00     1.681e-01     1.098e-01     2.145e+01  
   99       40011    3.387733e+01     0.000e+00     1.681e-01     1.006e-01     3.777e+01  
  100       40408    3.352119e+01     0.000e+00     1.681e-01     8.640e-02     3.115e+01  
  101       40804    3.336356e+01     0.000e+00     2.401e-01     1.278e-01     3.830e+01  
  102       41201    3.294542e+01     0.000e+00     1.681e-01     9.305e-02     2.964e+01  
  103       41599    3.263280e+01     0.000e+00     1.176e-01     7.248e-02     2.634e+01  
  104       41995    3.259670e+01     0.000e+00     2.401e-01     1.031e-01     3.017e+01  
  105       42390    3.256867e+01     0.000e+00     3.430e-01     1.433e-01     3.094e+01  
  106       42786    3.217784e+01     0.000e+00     2.401e-01     8.252e-02     3.386e+01  
  107       43181    3.211151e+01     0.000e+00     3.430e-01     1.321e-01     2.825e+01  
  108       43577    3.190037e+01     0.000e+00     2.401e-01     9.719e-02     3.816e+01  
  109       43973    3.178903e+01     0.000e+00     2.401e-01     9.062e-02     2.675e+01  
  110       44368    3.178048e+01     0.000e+00     3.430e-01     9.683e-02     2.630e+01  
  111       44763    3.125748e+01     0.000e+00     3.430e-01     1.102e-01     3.022e+01  
  112       45158    3.108223e+01     0.000e+00     3.430e-01     8.508e-02     3.029e+01  
  113       45553    3.100930e+01     0.000e+00     3.430e-01     8.848e-02     2.075e+01  
  114       45948    3.098093e+01     0.000e+00     3.430e-01     8.015e-02     1.918e+01  
  115       46343    3.083498e+01     0.000e+00     3.430e-01     7.695e-02     1.799e+01  
  116       46738    3.061183e+01     0.000e+00     3.430e-01     7.402e-02     1.322e+01  
  117       47133    3.044313e+01     0.000e+00     3.430e-01     7.134e-02     1.943e+01  
  118       47528    3.036480e+01     0.000e+00     3.430e-01     5.451e-02     1.320e+01  
  119       47924    3.026368e+01     0.000e+00     2.401e-01     5.510e-02     1.168e+01  
 Iter  Func-count            Fval   Feasibility   Step Length       Norm of   First-order  
                                                                       step    optimality
  120       48319    3.016215e+01     0.000e+00     3.430e-01     5.459e-02     1.044e+01  
  121       48713    3.015252e+01     0.000e+00     4.900e-01     8.785e-02     1.366e+01  
  122       49108    3.011448e+01     0.000e+00     3.430e-01     6.527e-02     1.498e+01  
  123       49504    3.007217e+01     0.000e+00     2.401e-01     6.592e-02     1.604e+01  
  124       49899    2.989830e+01     0.000e+00     3.430e-01     9.185e-02     1.584e+01  
  125       50294    2.979954e+01     0.000e+00     3.430e-01     8.285e-02     1.515e+01  
  126       50689    2.972150e+01     0.000e+00     3.430e-01     1.004e-01     1.710e+01  
  127       51083    2.949628e+01     0.000e+00     4.900e-01     1.187e-01     2.455e+01  
  128       51479    2.937988e+01     0.000e+00     2.401e-01     6.205e-02     1.572e+01  
  129       51873    2.927273e+01     0.000e+00     4.900e-01     8.721e-02     1.416e+01  
  130       52268    2.920223e+01     0.000e+00     3.430e-01     7.490e-02     1.263e+01  
  131       52662    2.906859e+01     0.000e+00     4.900e-01     8.525e-02     1.145e+01  
  132       53057    2.900458e+01     0.000e+00     3.430e-01     6.738e-02     1.124e+01  
  133       53451    2.887678e+01     0.000e+00     4.900e-01     1.091e-01     1.245e+01  
  134       53848    2.886695e+01     0.000e+00     1.681e-01     5.113e-02     1.389e+01  
  135       54242    2.878291e+01     0.000e+00     4.900e-01     1.575e-01     1.703e+01  
  136       54637    2.860750e+01     0.000e+00     3.430e-01     1.634e-01     2.042e+01  
  137       55032    2.834668e+01     0.000e+00     3.430e-01     1.611e-01     2.456e+01  
  138       55427    2.813180e+01     0.000e+00     3.430e-01     1.074e-01     2.095e+01  
  139       55821    2.788881e+01     0.000e+00     4.900e-01     1.223e-01     2.894e+01  
  140       56216    2.775263e+01     0.000e+00     3.430e-01     1.013e-01     1.756e+01  
  141       56609    2.770895e+01     0.000e+00     7.000e-01     1.277e-01     1.381e+01  
  142       57005    2.760104e+01     0.000e+00     2.401e-01     7.194e-02     2.857e+01  
  143       57398    2.757321e+01     0.000e+00     7.000e-01     1.090e-01     2.806e+01  
  144       57795    2.748123e+01     0.000e+00     1.681e-01     4.882e-02     2.848e+01  
  145       58190    2.734583e+01     0.000e+00     3.430e-01     6.115e-02     1.330e+01  
  146       58585    2.733915e+01     0.000e+00     3.430e-01     6.733e-02     1.983e+01  
  147       58979    2.714531e+01     0.000e+00     4.900e-01     7.663e-02     1.255e+01  
  148       59373    2.699513e+01     0.000e+00     4.900e-01     7.197e-02     1.123e+01  
  149       59768    2.698366e+01     0.000e+00     3.430e-01     5.768e-02     1.454e+01  
 Iter  Func-count            Fval   Feasibility   Step Length       Norm of   First-order  
                                                                       step    optimality
  150       60161    2.689875e+01     0.000e+00     7.000e-01     9.083e-02     1.454e+01  
  151       60555    2.680488e+01     0.000e+00     4.900e-01     5.771e-02     1.136e+01  
  152       60950    2.673751e+01     0.000e+00     3.430e-01     5.026e-02     9.495e+00  
  153       61346    2.673326e+01     0.000e+00     2.401e-01     4.700e-02     1.034e+01  
  154       61739    2.663397e+01     0.000e+00     7.000e-01     8.329e-02     1.300e+01  
  155       62135    2.661299e+01     0.000e+00     2.401e-01     4.808e-02     8.948e+00  
  156       62529    2.653124e+01     0.000e+00     4.900e-01     9.566e-02     1.384e+01  
  157       62922    2.650427e+01     0.000e+00     7.000e-01     6.564e-02     1.022e+01  
  158       63317    2.646101e+01     0.000e+00     3.430e-01     4.809e-02     5.911e+00  
  159       63710    2.638907e+01     0.000e+00     7.000e-01     6.360e-02     7.361e+00  
  160       64106    2.636301e+01     0.000e+00     2.401e-01     3.787e-02     5.453e+00  
  161       64500    2.630926e+01     0.000e+00     4.900e-01     7.558e-02     8.991e+00  
  162       64893    2.626918e+01     0.000e+00     7.000e-01     6.752e-02     9.167e+00  
  163       65287    2.623528e+01     0.000e+00     4.900e-01     5.607e-02     8.670e+00  
  164       65681    2.620482e+01     0.000e+00     4.900e-01     8.225e-02     9.325e+00  
  165       66073    2.615713e+01     2.776e-17     1.000e+00     1.368e-01     1.774e+01  
  166       66467    2.615086e+01     5.551e-17     4.900e-01     8.226e-02     1.079e+01  
  167       66861    2.610421e+01     2.776e-17     4.900e-01     1.271e-01     1.352e+01  
  168       67253    2.598633e+01     1.388e-17     1.000e+00     1.954e-01     1.570e+01  
  169       67646    2.594036e+01     2.776e-17     7.000e-01     1.400e-01     1.358e+01  
  170       68040    2.589004e+01     6.939e-17     4.900e-01     7.080e-02     1.293e+01  
  171       68434    2.581191e+01     1.388e-17     4.900e-01     5.297e-02     8.361e+00  
  172       68827    2.579380e+01     2.776e-17     7.000e-01     6.969e-02     1.324e+01  
  173       69219    2.564884e+01     5.551e-17     1.000e+00     6.270e-02     6.124e+00  
  174       69613    2.564824e+01     2.776e-17     4.900e-01     3.856e-02     9.809e+00  
  175       70007    2.561128e+01     2.776e-17     4.900e-01     4.489e-02     6.184e+00  
  176       70400    2.557461e+01     0.000e+00     7.000e-01     5.284e-02     1.176e+01  
  177       70793    2.557120e+01     5.551e-17     7.000e-01     7.660e-02     8.705e+00  
  178       71185    2.549763e+01     5.551e-17     1.000e+00     5.762e-02     9.718e+00  
  179       71579    2.549265e+01     5.551e-17     4.900e-01     3.946e-02     9.376e+00  
 Iter  Func-count            Fval   Feasibility   Step Length       Norm of   First-order  
                                                                       step    optimality
  180       71974    2.547911e+01     2.776e-17     3.430e-01     3.592e-02     7.656e+00  
  181       72368    2.545768e+01     2.776e-17     4.900e-01     4.687e-02     7.122e+00  
  182       72762    2.543404e+01     1.388e-17     4.900e-01     4.822e-02     8.259e+00  
  183       73155    2.539733e+01     2.776e-17     7.000e-01     3.910e-02     5.502e+00  
  184       73548    2.538158e+01     0.000e+00     7.000e-01     5.228e-02     6.675e+00  
  185       73940    2.535439e+01     5.551e-17     1.000e+00     6.094e-02     5.294e+00  
  186       74335    2.533506e+01     2.776e-17     3.430e-01     3.116e-02     4.626e+00  
  187       74729    2.531863e+01     2.776e-17     4.900e-01     3.998e-02     3.786e+00  
  188       75126    2.531842e+01     5.551e-17     1.681e-01     1.962e-02     4.314e+00  
  189       75518    2.529000e+01     1.388e-17     1.000e+00     7.790e-02     4.490e+00  
  190       75910    2.524509e+01     2.776e-17     1.000e+00     6.557e-02     2.728e+00  
  191       76303    2.523462e+01     2.776e-17     7.000e-01     8.486e-02     3.010e+00  
  192       76697    2.521431e+01     1.388e-17     4.900e-01     1.320e-01     7.608e+00  
  193       77090    2.518642e+01     1.388e-17     7.000e-01     1.936e-01     5.758e+00  
  194       77482    2.513972e+01     2.776e-17     1.000e+00     9.648e-02     7.442e+00  
  195       77874    2.510710e+01     2.776e-17     1.000e+00     3.614e-02     4.602e+00  
  196       78268    2.509281e+01     2.776e-17     4.900e-01     1.981e-02     3.365e+00  
  197       78660    2.507787e+01     1.388e-17     1.000e+00     2.806e-02     4.590e+00  
  198       79052    2.506515e+01     2.776e-17     1.000e+00     2.699e-02     2.249e+00  
  199       79445    2.505954e+01     1.388e-17     7.000e-01     2.857e-02     3.758e+00  
  200       79837    2.504257e+01     2.776e-17     1.000e+00     2.338e-02     2.670e+00  
  201       80230    2.504132e+01     1.388e-17     7.000e-01     2.902e-02     2.033e+00  
  202       80622    2.502738e+01     4.163e-17     1.000e+00     3.296e-02     2.045e+00  
  203       81014    2.502409e+01     2.776e-17     1.000e+00     2.853e-02     2.853e+00  
  204       81406    2.501459e+01     2.776e-17     1.000e+00     2.046e-02     1.677e+00  
  205       81802    2.501328e+01     2.776e-17     2.401e-01     1.261e-02     1.658e+00  
  206       82194    2.501075e+01     1.388e-17     1.000e+00     8.395e-02     3.643e+00  
  207       82586    2.499794e+01     2.776e-17     1.000e+00     4.259e-02     3.570e+00  
  208       82980    2.499275e+01     2.776e-17     4.900e-01     4.058e-02     2.950e+00  
  209       83372    2.497400e+01     2.776e-17     1.000e+00     6.523e-02     2.617e+00  
 Iter  Func-count            Fval   Feasibility   Step Length       Norm of   First-order  
                                                                       step    optimality
  210       83764    2.496194e+01     1.388e-17     1.000e+00     1.198e-01     3.596e+00  
  211       84156    2.490660e+01     2.776e-17     1.000e+00     3.086e-01     6.748e+00  
  212       84548    2.485761e+01     2.776e-17     1.000e+00     1.299e-01     9.994e+00  
  213       84940    2.483172e+01     2.776e-17     1.000e+00     1.816e-01     9.010e+00  
  214       85334    2.478459e+01     2.776e-17     4.900e-01     1.384e-01     4.420e+00  
  215       85726    2.469305e+01     2.776e-17     1.000e+00     9.785e-02     8.708e+00  
  216       86119    2.469161e+01     0.000e+00     7.000e-01     7.303e-02     1.105e+01  
  217       86511    2.463222e+01     1.388e-17     1.000e+00     4.524e-02     6.176e+00  
  218       86903    2.459303e+01     1.388e-17     1.000e+00     4.374e-02     5.705e+00  
  219       87299    2.458857e+01     0.000e+00     2.401e-01     1.649e-02     2.910e+00  
  220       87692    2.458107e+01     0.000e+00     7.000e-01     7.415e-02     4.566e+00  
  221       88084    2.454902e+01     1.388e-17     1.000e+00     3.144e-02     5.253e+00  
  222       88477    2.453789e+01     2.776e-17     7.000e-01     2.764e-02     5.117e+00  
  223       88869    2.449858e+01     2.776e-17     1.000e+00     5.512e-02     7.728e+00  
  224       89265    2.448043e+01     1.388e-17     2.401e-01     7.658e-02     1.740e+01  
  225       89657    2.444338e+01     5.551e-17     1.000e+00     6.316e-02     1.768e+01  
  226       90051    2.438194e+01     1.388e-17     4.900e-01     7.510e-02     2.219e+01  
  227       90443    2.425271e+01     2.776e-17     1.000e+00     1.086e-01     1.241e+01  
  228       90838    2.417817e+01     0.000e+00     3.430e-01     7.753e-02     1.298e+01  
  229       91230    2.390724e+01     1.388e-17     1.000e+00     1.519e-01     2.076e+01  
  230       91626    2.389269e+01     1.388e-17     2.401e-01     8.689e-02     7.211e+01  
  231       92022    2.377538e+01     1.388e-17     2.401e-01     1.915e-01     2.177e+01  
  232       92414    2.331699e+01     2.776e-17     1.000e+00     1.587e-01     1.078e+01  
  233       92807    2.325540e+01     1.388e-17     7.000e-01     6.354e-02     2.300e+01  
  234       93200    2.314414e+01     0.000e+00     7.000e-01     8.071e-02     2.685e+01  
  235       93592    2.294792e+01     1.388e-17     1.000e+00     6.641e-02     5.370e+00  
  236       93984    2.291930e+01     5.551e-17     1.000e+00     5.598e-02     8.885e+00  
  237       94376    2.287633e+01     5.551e-17     1.000e+00     9.585e-02     9.423e+00  
  238       94768    2.282373e+01     2.776e-17     1.000e+00     1.039e-01     8.675e+00  
  239       95161    2.278262e+01     5.551e-17     7.000e-01     4.558e-02     8.736e+00  
 Iter  Func-count            Fval   Feasibility   Step Length       Norm of   First-order  
                                                                       step    optimality
  240       95555    2.277124e+01     1.388e-17     4.900e-01     3.804e-02     1.025e+01  
  241       95948    2.276806e+01     0.000e+00     7.000e-01     9.776e-02     1.404e+01  
  242       96340    2.265611e+01     1.388e-17     1.000e+00     4.285e-02     3.735e+00  
  243       96732    2.263532e+01     5.551e-17     1.000e+00     4.281e-02     4.582e+00  
  244       97124    2.261807e+01     1.388e-17     1.000e+00     7.000e-02     5.233e+00  
  245       97518    2.260304e+01     2.776e-17     4.900e-01     6.614e-02     3.145e+00  
  246       97910    2.257551e+01     5.551e-17     1.000e+00     6.557e-02     4.859e+00  
  247       98302    2.255766e+01     1.388e-17     1.000e+00     4.726e-02     6.082e+00  
  248       98695    2.254319e+01     1.388e-17     7.000e-01     5.381e-02     3.763e+00  
  249       99087    2.253521e+01     1.388e-17     1.000e+00     1.212e-01     6.658e+00  
  250       99479    2.250781e+01     5.551e-17     1.000e+00     4.095e-02     4.266e+00  
  251       99871    2.249519e+01     0.000e+00     1.000e+00     2.533e-02     4.432e+00  
  252      100263    2.248090e+01     5.551e-17     1.000e+00     7.288e-02     4.332e+00  
  253      100656    2.247521e+01     1.388e-17     7.000e-01     5.601e-02     4.861e+00  
  254      101049    2.245861e+01     1.388e-17     7.000e-01     9.902e-02     3.621e+00  
  255      101441    2.242042e+01     4.163e-17     1.000e+00     7.617e-02     5.200e+00  
  256      101833    2.239692e+01     5.551e-17     1.000e+00     4.643e-02     2.504e+00  
  257      102225    2.238255e+01     2.776e-17     1.000e+00     5.553e-02     2.508e+00  
  258      102619    2.237587e+01     5.551e-17     4.900e-01     6.278e-02     4.574e+00  
  259      103012    2.237355e+01     0.000e+00     7.000e-01     1.143e-01     6.539e+00  
  260      103407    2.237259e+01     0.000e+00     3.430e-01     8.184e-02     5.717e+00  
  261      103799    2.233705e+01     5.551e-17     1.000e+00     7.183e-02     4.323e+00  
  262      104191    2.231883e+01     1.388e-17     1.000e+00     4.910e-02     3.680e+00  
  263      104583    2.229338e+01     1.388e-17     1.000e+00     9.864e-02     3.743e+00  
  264      104975    2.228297e+01     5.551e-17     1.000e+00     1.340e-01     6.751e+00  
  265      105367    2.226680e+01     1.388e-17     1.000e+00     1.531e-01     4.855e+00  
  266      105759    2.225021e+01     5.551e-17     1.000e+00     1.215e-01     6.349e+00  
  267      106151    2.224720e+01     1.388e-17     1.000e+00     9.138e-02     1.230e+01  
  268      106543    2.223320e+01     5.551e-17     1.000e+00     7.347e-02     4.914e+00  
  269      106935    2.221194e+01     0.000e+00     1.000e+00     3.681e-02     8.894e+00  
 Iter  Func-count            Fval   Feasibility   Step Length       Norm of   First-order  
                                                                       step    optimality
  270      107327    2.219630e+01     5.551e-17     1.000e+00     5.002e-02     2.068e+00  
  271      107719    2.218841e+01     1.110e-16     1.000e+00     3.120e-02     3.790e+00  
  272      108111    2.218146e+01     1.388e-17     1.000e+00     1.527e-02     1.071e+00  
  273      108503    2.217942e+01     5.551e-17     1.000e+00     2.986e-02     2.545e+00  
  274      108895    2.217216e+01     5.551e-17     1.000e+00     1.863e-02     1.632e+00  
  275      109288    2.217168e+01     1.388e-17     7.000e-01     3.686e-02     1.954e+00  
  276      109680    2.216617e+01     1.388e-17     1.000e+00     1.630e-02     2.132e+00  
  277      110072    2.216529e+01     1.110e-16     1.000e+00     2.384e-02     2.278e+00  
  278      110464    2.216000e+01     1.388e-17     1.000e+00     1.069e-02     1.608e+00  
  279      110856    2.215821e+01     5.551e-17     1.000e+00     1.582e-02     1.028e+00  
  280      111248    2.215586e+01     5.551e-17     1.000e+00     1.993e-02     2.038e+00  
  281      111640    2.215323e+01     1.388e-17     1.000e+00     1.744e-02     1.249e+00  
  282      112032    2.215055e+01     1.388e-17     1.000e+00     1.870e-02     1.854e+00  
  283      112424    2.214779e+01     2.776e-17     1.000e+00     5.259e-02     2.556e+00  
  284      112816    2.214404e+01     5.551e-17     1.000e+00     4.532e-02     1.565e+00  
  285      113208    2.214043e+01     2.776e-17     1.000e+00     5.127e-02     7.720e-01  
  286      113600    2.213833e+01     2.776e-17     1.000e+00     6.128e-02     1.780e+00  
  287      113992    2.213493e+01     2.776e-17     1.000e+00     2.016e-02     1.441e+00  
  288      114384    2.213128e+01     5.551e-17     1.000e+00     4.928e-02     1.380e+00  
  289      114776    2.212791e+01     6.939e-18     1.000e+00     1.603e-02     1.482e+00  
  290      115168    2.212550e+01     2.776e-17     1.000e+00     3.490e-02     1.111e+00  
  291      115560    2.212269e+01     2.776e-17     1.000e+00     3.346e-02     1.313e+00  
  292      115952    2.212029e+01     2.776e-17     1.000e+00     1.930e-02     1.271e+00  
  293      116344    2.211855e+01     2.776e-17     1.000e+00     1.831e-02     8.381e-01  
  294      116736    2.211652e+01     1.388e-17     1.000e+00     2.418e-02     1.842e+00  
  295      117128    2.211321e+01     2.776e-17     1.000e+00     4.562e-02     1.704e+00  
  296      117520    2.210955e+01     2.776e-17     1.000e+00     7.503e-02     1.269e+00  
  297      117912    2.210441e+01     5.551e-17     1.000e+00     9.567e-02     1.319e+00  
  298      118304    2.210184e+01     2.776e-17     1.000e+00     1.559e-02     7.530e-01  
  299      118696    2.209941e+01     2.776e-17     1.000e+00     2.848e-02     9.013e-01  
 Iter  Func-count            Fval   Feasibility   Step Length       Norm of   First-order  
                                                                       step    optimality
  300      119088    2.209770e+01     1.388e-17     1.000e+00     3.584e-02     1.285e+00  
  301      119480    2.209462e+01     6.939e-18     1.000e+00     4.384e-02     8.268e-01  
  302      119872    2.209125e+01     6.939e-18     1.000e+00     7.667e-02     1.453e+00  
  303      120264    2.208841e+01     2.776e-17     1.000e+00     5.548e-02     8.202e-01  
  304      120656    2.208672e+01     2.776e-17     1.000e+00     1.691e-02     1.047e+00  
  305      121048    2.208524e+01     2.082e-17     1.000e+00     2.724e-02     7.820e-01  
  306      121440    2.208316e+01     2.776e-17     1.000e+00     3.752e-02     8.742e-01  
  307      121832    2.207891e+01     1.388e-17     1.000e+00     1.068e-01     1.073e+00  
  308      122224    2.207666e+01     5.551e-17     1.000e+00     9.552e-03     7.291e-01  
  309      122616    2.207419e+01     2.776e-17     1.000e+00     3.122e-02     1.041e+00  
  310      123008    2.207152e+01     1.388e-17     1.000e+00     2.401e-02     9.202e-01  
  311      123400    2.206976e+01     2.082e-17     1.000e+00     1.098e-02     8.271e-01  
  312      123792    2.206883e+01     2.776e-17     1.000e+00     1.562e-02     1.216e+00  
  313      124184    2.206775e+01     2.776e-17     1.000e+00     1.147e-02     7.857e-01  
  314      124576    2.206606e+01     1.388e-17     1.000e+00     2.467e-02     5.989e-01  
  315      124968    2.206442e+01     2.776e-17     1.000e+00     3.899e-02     9.010e-01  
  316      125361    2.206277e+01     1.388e-17     7.000e-01     1.023e-01     1.991e+00  
  317      125753    2.205932e+01     2.776e-17     1.000e+00     1.338e-02     1.239e+00  
  318      126145    2.205599e+01     6.939e-18     1.000e+00     1.635e-02     1.149e+00  
  319      126537    2.205194e+01     2.776e-17     1.000e+00     4.625e-02     9.771e-01  
  320      126929    2.204828e+01     2.776e-17     1.000e+00     3.685e-02     1.499e+00  
  321      127321    2.203823e+01     0.000e+00     1.000e+00     1.042e-01     2.403e+00  
  322      127714    2.203067e+01     1.388e-17     7.000e-01     1.446e-01     7.889e+00  
  323      128106    2.200892e+01     1.388e-17     1.000e+00     9.608e-02     3.302e+00  
  324      128498    2.198286e+01     1.388e-17     1.000e+00     1.141e-01     4.625e+00  
  325      128890    2.195421e+01     1.388e-17     1.000e+00     6.844e-02     2.681e+00  
  326      129282    2.192610e+01     2.776e-17     1.000e+00     6.340e-02     2.919e+00  
  327      129674    2.188512e+01     1.388e-17     1.000e+00     9.430e-02     4.195e+00  
  328      130066    2.185059e+01     1.388e-17     1.000e+00     8.975e-02     4.444e+00  
  329      130458    2.181911e+01     2.776e-17     1.000e+00     1.121e-01     4.404e+00  
 Iter  Func-count            Fval   Feasibility   Step Length       Norm of   First-order  
                                                                       step    optimality
  330      130850    2.180009e+01     1.388e-17     1.000e+00     4.954e-02     1.996e+00  
  331      131242    2.178475e+01     1.388e-17     1.000e+00     5.664e-02     3.535e+00  
  332      131634    2.176942e+01     1.388e-17     1.000e+00     4.393e-02     4.050e+00  
  333      132026    2.175254e+01     2.776e-17     1.000e+00     5.766e-02     4.149e+00  
  334      132424    2.175183e+01     1.388e-17     1.176e-01     6.346e-02     3.883e+00  
  335      132816    2.173483e+01     0.000e+00     1.000e+00     6.453e-02     2.216e+00  
  336      133210    2.173265e+01     1.388e-17     4.900e-01     1.320e-01     4.157e+00  
  337      133602    2.171989e+01     1.388e-17     1.000e+00     1.722e-01     4.675e+00  
  338      133994    2.169867e+01     1.388e-17     1.000e+00     4.017e-02     4.213e+00  
  339      134386    2.168361e+01     2.776e-17     1.000e+00     3.616e-02     4.250e+00  
  340      134778    2.165493e+01     2.776e-17     1.000e+00     7.670e-02     2.842e+00  
  341      135173    2.165458e+01     2.776e-17     3.430e-01     9.390e-02     1.568e+01  
  342      135565    2.161890e+01     1.388e-17     1.000e+00     7.448e-02     4.281e+00  
  343      135957    2.158945e+01     1.388e-17     1.000e+00     6.521e-02     4.200e+00  
  344      136349    2.155936e+01     0.000e+00     1.000e+00     5.889e-02     3.991e+00  
  345      136741    2.153998e+01     1.388e-17     1.000e+00     7.551e-02     3.969e+00  
  346      137133    2.151630e+01     2.776e-17     1.000e+00     6.063e-02     4.771e+00  
  347      137525    2.150090e+01     1.388e-17     1.000e+00     5.508e-02     3.995e+00  
  348      137918    2.150041e+01     0.000e+00     7.000e-01     3.676e-02     7.334e+00  
  349      138310    2.149815e+01     2.776e-17     1.000e+00     8.164e-02     7.641e+00  
  350      138702    2.146740e+01     1.388e-17     1.000e+00     5.598e-02     3.184e+00  
  351      139094    2.146064e+01     1.388e-17     1.000e+00     2.525e-02     2.559e+00  
  352      139486    2.145293e+01     1.388e-17     1.000e+00     2.772e-02     2.252e+00  
  353      139878    2.144415e+01     1.388e-17     1.000e+00     4.910e-02     1.920e+00  
  354      140270    2.143986e+01     1.388e-17     1.000e+00     4.297e-02     1.184e+00  
  355      140662    2.143567e+01     1.388e-17     1.000e+00     1.606e-02     1.396e+00  
  356      141054    2.143092e+01     1.388e-17     1.000e+00     2.550e-02     1.358e+00  
  357      141446    2.142866e+01     1.388e-17     1.000e+00     2.382e-02     2.151e+00  
  358      141838    2.142498e+01     1.388e-17     1.000e+00     2.068e-02     1.751e+00  
  359      142230    2.142364e+01     1.388e-17     1.000e+00     4.746e-02     3.181e+00  
 Iter  Func-count            Fval   Feasibility   Step Length       Norm of   First-order  
                                                                       step    optimality
  360      142622    2.142091e+01     1.388e-17     1.000e+00     1.247e-02     9.771e-01  
  361      143014    2.141885e+01     1.388e-17     1.000e+00     1.075e-02     1.323e+00  
  362      143406    2.141669e+01     1.388e-17     1.000e+00     2.454e-02     1.014e+00  
  363      143798    2.141411e+01     0.000e+00     1.000e+00     5.064e-02     1.213e+00  
  364      144190    2.141232e+01     1.388e-17     1.000e+00     4.002e-02     2.874e+00  
  365      144582    2.140970e+01     2.776e-17     1.000e+00     2.532e-02     1.401e+00  
  366      144974    2.140775e+01     1.388e-17     1.000e+00     1.011e-02     1.432e+00  
  367      145366    2.140519e+01     1.388e-17     1.000e+00     2.849e-02     1.053e+00  
  368      145758    2.140312e+01     1.388e-17     1.000e+00     4.923e-02     1.817e+00  
  369      146150    2.140092e+01     1.388e-17     1.000e+00     4.918e-02     1.563e+00  
  370      146542    2.139835e+01     1.388e-17     1.000e+00     4.114e-02     2.261e+00  
  371      146934    2.139588e+01     2.082e-17     1.000e+00     6.547e-02     2.535e+00  
  372      147326    2.139230e+01     2.776e-17     1.000e+00     4.757e-02     1.309e+00  
  373      147718    2.138713e+01     1.388e-17     1.000e+00     9.938e-02     1.094e+00  
  374      148110    2.138255e+01     2.776e-17     1.000e+00     1.654e-01     9.358e-01  
  375      148502    2.137864e+01     1.388e-17     1.000e+00     8.343e-02     1.136e+00  
  376      148895    2.137698e+01     1.388e-17     7.000e-01     3.242e-01     1.513e+00  
  377      149287    2.137160e+01     1.388e-17     1.000e+00     1.150e-01     1.548e+00  
  378      149679    2.136845e+01     6.939e-18     1.000e+00     4.297e-02     8.599e-01  
  379      150071    2.136481e+01     1.388e-17     1.000e+00     7.847e-02     9.293e-01  
  380      150463    2.136201e+01     1.388e-17     1.000e+00     2.348e-01     1.887e+00  
  381      150855    2.135878e+01     2.776e-17     1.000e+00     1.837e-02     1.039e+00  
  382      151247    2.135630e+01     6.939e-18     1.000e+00     2.625e-02     1.231e+00  
  383      151639    2.135385e+01     2.082e-17     1.000e+00     4.130e-02     1.187e+00  
  384      152031    2.135175e+01     1.388e-17     1.000e+00     1.451e-01     1.217e+00  
  385      152423    2.134921e+01     1.388e-17     1.000e+00     3.533e-02     1.487e+00  
  386      152815    2.134767e+01     2.082e-17     1.000e+00     6.340e-02     1.310e+00  
  387      153207    2.134549e+01     1.388e-17     1.000e+00     1.893e-02     9.630e-01  
  388      153599    2.134347e+01     1.388e-17     1.000e+00     6.373e-02     1.191e+00  
  389      153991    2.134167e+01     1.388e-17     1.000e+00     2.232e-02     8.366e-01  
 Iter  Func-count            Fval   Feasibility   Step Length       Norm of   First-order  
                                                                       step    optimality
  390      154383    2.133994e+01     2.082e-17     1.000e+00     4.413e-02     1.025e+00  
  391      154775    2.133894e+01     2.776e-17     1.000e+00     3.891e-02     5.619e-01  
  392      155167    2.133774e+01     1.388e-17     1.000e+00     4.932e-02     8.691e-01  
  393      155559    2.133597e+01     3.469e-17     1.000e+00     1.035e-01     9.267e-01  
  394      155951    2.133421e+01     2.776e-17     1.000e+00     6.664e-02     9.828e-01  
  395      156343    2.133288e+01     1.388e-17     1.000e+00     8.694e-02     1.586e+00  
  396      156735    2.133184e+01     1.388e-17     1.000e+00     1.721e-02     6.366e-01  
  397      157127    2.133050e+01     1.388e-17     1.000e+00     5.734e-02     1.181e+00  
  398      157519    2.132959e+01     1.388e-17     1.000e+00     9.080e-02     7.937e-01  
  399      157911    2.132945e+01     2.776e-17     1.000e+00     8.372e-02     1.322e+00  
  400      158303    2.132814e+01     1.388e-17     1.000e+00     3.693e-02     7.709e-01  
  401      158695    2.132754e+01     1.388e-17     1.000e+00     1.871e-02     7.787e-01  
  402      159087    2.132695e+01     4.163e-17     1.000e+00     1.375e-02     9.249e-01  
  403      159479    2.132602e+01     2.082e-17     1.000e+00     4.832e-02     9.344e-01  
  404      159871    2.132521e+01     2.776e-17     1.000e+00     2.321e-02     7.634e-01  
  405      160266    2.132464e+01     2.776e-17     3.430e-01     7.814e-02     1.660e+00  
  406      160658    2.132289e+01     6.939e-18     1.000e+00     7.664e-02     1.543e+00  
  407      161050    2.132128e+01     2.082e-17     1.000e+00     4.194e-02     9.076e-01  
  408      161442    2.132016e+01     1.388e-17     1.000e+00     3.188e-02     9.349e-01  
  409      161834    2.131924e+01     1.388e-17     1.000e+00     1.830e-02     9.184e-01  
  410      162226    2.131841e+01     2.776e-17     1.000e+00     3.099e-02     8.528e-01  
  411      162618    2.131796e+01     1.388e-17     1.000e+00     5.690e-02     8.929e-01  
  412      163010    2.131724e+01     1.388e-17     1.000e+00     2.431e-02     5.488e-01  
  413      163402    2.131685e+01     2.082e-17     1.000e+00     3.733e-02     7.953e-01  
  414      163794    2.131633e+01     1.388e-17     1.000e+00     3.759e-02     7.868e-01  
  415      164186    2.131562e+01     1.388e-17     1.000e+00     4.472e-02     1.007e+00  
  416      164578    2.131507e+01     1.388e-17     1.000e+00     2.180e-02     9.078e-01  
  417      164970    2.131447e+01     1.388e-17     1.000e+00     2.210e-02     9.393e-01  
  418      165362    2.131404e+01     1.388e-17     1.000e+00     2.038e-02     8.744e-01  
  419      165754    2.131331e+01     1.388e-17     1.000e+00     2.113e-02     6.323e-01  
 Iter  Func-count            Fval   Feasibility   Step Length       Norm of   First-order  
                                                                       step    optimality
  420      166146    2.131272e+01     1.388e-17     1.000e+00     1.848e-02     1.299e+00  
  421      166541    2.131258e+01     1.388e-17     3.430e-01     3.328e-02     1.678e+00  
  422      166933    2.131168e+01     1.388e-17     1.000e+00     3.298e-02     8.886e-01  
  423      167327    2.131163e+01     0.000e+00     4.900e-01     4.243e-02     7.834e-01  
  424      167719    2.131107e+01     1.388e-17     1.000e+00     2.942e-02     8.225e-01  
  425      168111    2.131060e+01     1.388e-17     1.000e+00     2.296e-02     6.614e-01  
  426      168503    2.131014e+01     4.163e-17     1.000e+00     1.245e-02     9.320e-01  
  427      168896    2.131013e+01     6.939e-18     7.000e-01     2.452e-02     9.223e-01  
  428      169288    2.130961e+01     2.776e-17     1.000e+00     1.290e-02     7.692e-01  
  429      169680    2.130921e+01     1.388e-17     1.000e+00     3.623e-02     1.302e+00  
  430      170072    2.130845e+01     2.082e-17     1.000e+00     1.367e-02     8.038e-01  
  431      170464    2.130815e+01     2.776e-17     1.000e+00     2.621e-02     8.108e-01  
  432      170856    2.130729e+01     1.388e-17     1.000e+00     3.606e-02     8.590e-01  
  433      171248    2.130656e+01     1.388e-17     1.000e+00     4.405e-02     8.503e-01  
  434      171640    2.130598e+01     2.776e-17     1.000e+00     7.639e-03     8.652e-01  
  435      172032    2.130521e+01     4.163e-17     1.000e+00     2.021e-02     8.114e-01  
  436      172424    2.130464e+01     1.388e-17     1.000e+00     1.800e-02     6.183e-01  
  437      172816    2.130378e+01     1.388e-17     1.000e+00     4.332e-02     8.538e-01  
  438      173208    2.130297e+01     1.388e-17     1.000e+00     3.440e-02     8.003e-01  
  439      173600    2.130234e+01     6.939e-18     1.000e+00     1.910e-02     7.118e-01  
  440      173992    2.130205e+01     2.776e-17     1.000e+00     1.392e-02     7.885e-01  
  441      174384    2.130154e+01     1.388e-17     1.000e+00     6.080e-03     6.678e-01  
  442      174776    2.130129e+01     1.388e-17     1.000e+00     1.387e-02     6.753e-01  
  443      175173    2.130127e+01     2.776e-17     1.681e-01     5.667e-03     7.368e-01  
  444      175565    2.130091e+01     2.776e-17     1.000e+00     1.539e-02     9.577e-01  
  445      175958    2.130074e+01     6.939e-18     7.000e-01     1.134e-02     6.407e-01  
  446      176350    2.130056e+01     2.776e-17     1.000e+00     1.003e-02     7.478e-01  
  447      176742    2.130043e+01     1.388e-17     1.000e+00     9.370e-03     7.420e-01  
  448      177134    2.130020e+01     2.776e-17     1.000e+00     5.064e-03     6.923e-01  
  449      177528    2.130012e+01     2.082e-17     4.900e-01     9.276e-03     7.811e-01  
 Iter  Func-count            Fval   Feasibility   Step Length       Norm of   First-order  
                                                                       step    optimality
  450      177922    2.130008e+01     2.082e-17     4.900e-01     4.998e-03     8.467e-01  
  451      178316    2.130006e+01     1.388e-17     4.900e-01     7.938e-03     8.617e-01  
  452      178708    2.130001e+01     1.388e-17     1.000e+00     1.455e-02     8.921e-01  
  453      179100    2.129985e+01     1.388e-17     1.000e+00     5.971e-03     7.512e-01  
  454      179493    2.129978e+01     2.082e-17     7.000e-01     7.954e-03     7.606e-01  
  455      179885    2.129961e+01     1.388e-17     1.000e+00     4.649e-03     7.299e-01  
  456      180280    2.129959e+01     1.388e-17     3.430e-01     6.933e-03     7.933e-01  
  457      180672    2.129945e+01     1.388e-17     1.000e+00     1.081e-02     7.694e-01  
  458      181064    2.129940e+01     1.388e-17     1.000e+00     9.785e-03     7.341e-01  
  459      181456    2.129924e+01     2.776e-17     1.000e+00     5.153e-03     7.141e-01  
  460      181848    2.129908e+01     1.388e-17     1.000e+00     1.355e-02     9.847e-01  
  461      182240    2.129896e+01     1.388e-17     1.000e+00     1.188e-02     8.755e-01  
  462      182632    2.129876e+01     1.388e-17     1.000e+00     8.591e-03     7.616e-01  
  463      183024    2.129860e+01     1.388e-17     1.000e+00     1.728e-02     7.626e-01  
  464      183416    2.129842e+01     2.776e-17     1.000e+00     8.025e-03     6.664e-01  
  465      183809    2.129841e+01     1.388e-17     7.000e-01     1.527e-02     7.242e-01  
  466      184201    2.129823e+01     6.939e-18     1.000e+00     5.447e-03     7.296e-01  
  467      184593    2.129812e+01     2.082e-17     1.000e+00     6.218e-03     8.491e-01  
  468      184985    2.129792e+01     1.388e-17     1.000e+00     5.889e-03     7.213e-01  
  469      185377    2.129791e+01     2.776e-17     1.000e+00     1.232e-02     5.322e-01  
  470      185769    2.129775e+01     2.776e-17     1.000e+00     4.612e-03     5.641e-01  
  471      186161    2.129774e+01     1.388e-17     1.000e+00     1.493e-02     8.160e-01  
  472      186553    2.129744e+01     1.388e-17     1.000e+00     1.053e-02     7.999e-01  
  473      186945    2.129736e+01     1.388e-17     1.000e+00     1.902e-02     8.099e-01  
  474      187337    2.129711e+01     2.082e-17     1.000e+00     9.089e-03     5.501e-01  
  475      187731    2.129710e+01     2.776e-17     4.900e-01     1.856e-02     1.568e+00  
  476      188123    2.129682e+01     1.388e-17     1.000e+00     1.200e-02     5.457e-01  
  477      188515    2.129666e+01     2.776e-17     1.000e+00     1.676e-02     7.371e-01  
  478      188907    2.129646e+01     2.776e-17     1.000e+00     1.905e-02     8.891e-01  
  479      189299    2.129639e+01     1.388e-17     1.000e+00     3.517e-02     1.069e+00  
 Iter  Func-count            Fval   Feasibility   Step Length       Norm of   First-order  
                                                                       step    optimality
  480      189691    2.129605e+01     2.776e-17     1.000e+00     1.366e-02     9.713e-01  
  481      190083    2.129588e+01     2.082e-17     1.000e+00     3.374e-02     5.551e-01  
  482      190475    2.129561e+01     2.776e-17     1.000e+00     1.692e-02     5.155e-01  
  483      190867    2.129534e+01     1.388e-17     1.000e+00     6.809e-02     1.836e+00  
  484      191268    2.129516e+01     1.388e-17     4.035e-02     2.165e-02     2.591e+00  
  485      191661    2.129501e+01     1.388e-17     7.000e-01     4.833e-02     8.136e-01  
  486      192053    2.129396e+01     2.776e-17     1.000e+00     3.747e-02     8.381e-01  
  487      192445    2.129302e+01     1.388e-17     1.000e+00     3.185e-02     9.795e-01  
  488      192837    2.129226e+01     1.388e-17     1.000e+00     5.746e-02     1.036e+00  
  489      193229    2.129179e+01     2.776e-17     1.000e+00     2.384e-02     6.451e-01  
  490      193621    2.129140e+01     1.388e-17     1.000e+00     1.543e-02     7.295e-01  
  491      194013    2.129087e+01     4.163e-17     1.000e+00     3.083e-02     7.905e-01  
  492      194408    2.129062e+01     1.388e-17     3.430e-01     5.350e-02     1.045e+00  
  493      194800    2.129009e+01     2.776e-17     1.000e+00     1.418e-02     9.197e-01  
  494      195192    2.128962e+01     1.388e-17     1.000e+00     1.401e-02     9.816e-01  
  495      195584    2.128930e+01     2.082e-17     1.000e+00     1.868e-02     8.394e-01  
  496      195976    2.128873e+01     2.776e-17     1.000e+00     3.730e-02     4.569e-01  
  497      196369    2.128790e+01     1.388e-17     7.000e-01     2.180e-01     6.720e+00  
  498      196762    2.128673e+01     1.388e-17     7.000e-01     9.609e-02     1.005e+01  
  499      197154    2.126240e+01     2.082e-17     1.000e+00     2.650e-01     6.005e+00  
  500      197546    2.123917e+01     1.388e-17     1.000e+00     9.444e-02     4.500e+00  
  501      197938    2.121111e+01     1.388e-17     1.000e+00     2.964e-01     3.513e+00  
  502      198330    2.119439e+01     1.388e-17     1.000e+00     1.940e-01     2.348e+00  
  503      198722    2.117735e+01     1.388e-17     1.000e+00     1.140e-01     1.583e+00  
  504      199114    2.116357e+01     2.776e-17     1.000e+00     9.483e-02     1.912e+00  
  505      199506    2.115621e+01     1.388e-17     1.000e+00     6.214e-02     1.823e+00  
  506      199898    2.114740e+01     2.776e-17     1.000e+00     3.153e-02     1.870e+00  
  507      200291    2.114710e+01     2.082e-17     7.000e-01     3.972e-02     3.500e+00  
  508      200683    2.113796e+01     2.776e-17     1.000e+00     4.113e-02     4.466e+00  
  509      201075    2.113423e+01     2.082e-17     1.000e+00     8.153e-02     1.982e+00  
 Iter  Func-count            Fval   Feasibility   Step Length       Norm of   First-order  
                                                                       step    optimality
  510      201467    2.112925e+01     1.388e-17     1.000e+00     2.050e-02     2.707e+00  
  511      201859    2.112451e+01     1.388e-17     1.000e+00     4.348e-02     3.778e+00  
  512      202251    2.111983e+01     1.388e-17     1.000e+00     5.426e-02     3.212e+00  
  513      202643    2.111585e+01     1.388e-17     1.000e+00     5.085e-02     3.104e+00  
  514      203035    2.111130e+01     6.939e-18     1.000e+00     8.149e-02     1.581e+00  
  515      203427    2.110821e+01     2.082e-17     1.000e+00     2.581e-02     9.294e-01  
  516      203819    2.110440e+01     1.388e-17     1.000e+00     2.647e-02     1.167e+00  
  517      204211    2.110110e+01     1.388e-17     1.000e+00     7.102e-02     1.937e+00  
  518      204603    2.109640e+01     2.776e-17     1.000e+00     2.124e-02     1.683e+00  
  519      204995    2.109002e+01     6.939e-18     1.000e+00     3.508e-02     1.360e+00  
  520      205387    2.108515e+01     2.776e-17     1.000e+00     6.010e-02     2.018e+00  
  521      205779    2.108097e+01     1.388e-17     1.000e+00     3.547e-02     1.309e+00  
  522      206171    2.107709e+01     1.388e-17     1.000e+00     4.325e-02     9.986e-01  
  523      206563    2.107389e+01     1.388e-17     1.000e+00     7.008e-02     1.422e+00  
  524      206955    2.107108e+01     6.939e-18     1.000e+00     1.470e-02     1.166e+00  
  525      207347    2.106914e+01     2.776e-17     1.000e+00     3.390e-02     1.782e+00  
  526      207740    2.106761e+01     6.939e-18     7.000e-01     3.398e-02     1.970e+00  
  527      208132    2.106557e+01     1.388e-17     1.000e+00     2.695e-02     1.483e+00  
  528      208524    2.106491e+01     1.388e-17     1.000e+00     3.125e-02     1.379e+00  
  529      208916    2.106373e+01     1.388e-17     1.000e+00     2.212e-02     1.115e+00  
  530      209308    2.106225e+01     1.388e-17     1.000e+00     2.317e-02     1.033e+00  
  531      209700    2.106122e+01     1.388e-17     1.000e+00     1.809e-02     8.122e-01  
  532      210092    2.106065e+01     1.388e-17     1.000e+00     3.625e-02     2.211e+00  
  533      210484    2.105967e+01     1.388e-17     1.000e+00     1.324e-02     1.083e+00  
  534      210876    2.105896e+01     2.776e-17     1.000e+00     1.156e-02     7.779e-01  
  535      211268    2.105831e+01     1.388e-17     1.000e+00     1.791e-02     7.685e-01  
  536      211660    2.105784e+01     1.388e-17     1.000e+00     1.540e-02     8.790e-01  
  537      212054    2.105780e+01     1.388e-17     4.900e-01     1.826e-02     9.243e-01  
  538      212446    2.105718e+01     2.776e-17     1.000e+00     7.468e-03     8.586e-01  
  539      212838    2.105676e+01     2.776e-17     1.000e+00     9.816e-03     6.297e-01  
 Iter  Func-count            Fval   Feasibility   Step Length       Norm of   First-order  
                                                                       step    optimality
  540      213232    2.105663e+01     2.776e-17     4.900e-01     1.309e-02     1.091e+00  
  541      213625    2.105652e+01     2.776e-17     7.000e-01     2.123e-02     1.372e+00  
  542      214017    2.105566e+01     2.776e-17     1.000e+00     9.237e-03     8.738e-01  
  543      214409    2.105504e+01     1.388e-17     1.000e+00     1.142e-02     9.357e-01  
  544      214801    2.105474e+01     2.082e-17     1.000e+00     1.112e-02     8.338e-01  
  545      215193    2.105449e+01     1.388e-17     1.000e+00     9.417e-03     7.011e-01  
  546      215590    2.105443e+01     2.776e-17     1.681e-01     1.257e-02     1.671e+00  
  547      215982    2.105400e+01     1.388e-17     1.000e+00     1.747e-02     7.209e-01  
  548      216374    2.105320e+01     1.388e-17     1.000e+00     2.258e-02     1.032e+00  
  549      216766    2.105160e+01     2.776e-17     1.000e+00     4.292e-02     9.338e-01  
  550      217159    2.105090e+01     2.776e-17     7.000e-01     5.990e-02     2.757e+00  
  551      217551    2.104806e+01     1.388e-17     1.000e+00     2.090e-02     1.159e+00  
  552      217943    2.104540e+01     2.776e-17     1.000e+00     2.594e-02     1.764e+00  
  553      218335    2.104269e+01     1.388e-17     1.000e+00     3.011e-02     1.325e+00  
  554      218727    2.104043e+01     1.388e-17     1.000e+00     2.931e-02     1.001e+00  
  555      219119    2.103766e+01     1.388e-17     1.000e+00     3.537e-02     2.218e+00  
  556      219511    2.103472e+01     2.776e-17     1.000e+00     3.324e-02     1.080e+00  
  557      219903    2.103002e+01     2.776e-17     1.000e+00     5.326e-02     2.340e+00  
  558      220295    2.102954e+01     1.388e-17     1.000e+00     7.979e-02     2.591e+00  
  559      220687    2.102633e+01     2.776e-17     1.000e+00     3.354e-02     2.305e+00  
  560      221079    2.102202e+01     2.776e-17     1.000e+00     3.870e-02     2.138e+00  
  561      221471    2.102057e+01     1.388e-17     1.000e+00     1.518e-02     8.045e-01  
  562      221863    2.101894e+01     1.388e-17     1.000e+00     2.634e-02     8.830e-01  
  563      222255    2.101793e+01     1.388e-17     1.000e+00     3.331e-02     6.380e-01  
  564      222647    2.101746e+01     2.776e-17     1.000e+00     1.365e-02     8.354e-01  
  565      223039    2.101693e+01     1.388e-17     1.000e+00     1.055e-02     1.082e+00  
  566      223431    2.101686e+01     2.776e-17     1.000e+00     1.676e-02     1.177e+00  
  567      223823    2.101600e+01     2.776e-17     1.000e+00     1.162e-02     6.380e-01  
  568      224215    2.101583e+01     2.776e-17     1.000e+00     2.139e-02     2.210e+00  
  569      224607    2.101569e+01     1.388e-17     1.000e+00     1.215e-02     8.170e-01  
 Iter  Func-count            Fval   Feasibility   Step Length       Norm of   First-order  
                                                                       step    optimality
  570      224999    2.101522e+01     2.776e-17     1.000e+00     1.737e-02     1.120e+00  
  571      225391    2.101472e+01     1.388e-17     1.000e+00     8.632e-03     7.143e-01  
  572      225783    2.101458e+01     2.776e-17     1.000e+00     1.282e-02     1.250e+00  
  573      226175    2.101414e+01     2.776e-17     1.000e+00     5.236e-03     4.155e-01  
  574      226568    2.101402e+01     1.388e-17     7.000e-01     1.756e-02     1.027e+00  
  575      226960    2.101363e+01     1.388e-17     1.000e+00     7.620e-03     8.504e-01  
  576      227352    2.101326e+01     2.776e-17     1.000e+00     9.487e-03     9.398e-01  
  577      227744    2.101315e+01     1.388e-17     1.000e+00     9.603e-03     8.996e-01  
  578      228136    2.101286e+01     1.388e-17     1.000e+00     1.472e-02     6.680e-01  
  579      228532    2.101285e+01     1.388e-17     2.401e-01     7.140e-03     1.291e+00  
  580      228925    2.101273e+01     0.000e+00     7.000e-01     1.499e-02     7.099e-01  
  581      229317    2.101236e+01     1.388e-17     1.000e+00     7.995e-03     6.937e-01  
  582      229712    2.101227e+01     1.388e-17     3.430e-01     8.800e-03     1.283e+00  
  583      230104    2.101215e+01     4.163e-17     1.000e+00     4.578e-03     7.366e-01  
  584      230496    2.101203e+01     1.388e-17     1.000e+00     9.690e-03     3.618e-01  
  585      230888    2.101193e+01     1.388e-17     1.000e+00     6.664e-03     6.891e-01  
  586      231281    2.101189e+01     1.388e-17     7.000e-01     9.710e-03     5.700e-01  
  587      231673    2.101176e+01     1.388e-17     1.000e+00     5.007e-03     5.598e-01  
  588      232070    2.101175e+01     2.776e-17     1.681e-01     2.633e-03     6.034e-01  
  589      232465    2.101173e+01     1.388e-17     3.430e-01     6.165e-03     7.615e-01  
  590      232864    2.101173e+01     1.388e-17     8.235e-02     1.037e-03     5.208e-01  
  591      233267    2.101173e+01     1.388e-17     1.977e-02     7.670e-04     3.945e-01  
  592      233660    2.101169e+01     1.388e-17     7.000e-01     8.926e-03     4.353e-01  
  593      234052    2.101156e+01     2.776e-17     1.000e+00     4.199e-03     6.387e-01  
  594      234445    2.101155e+01     2.776e-17     7.000e-01     7.116e-03     4.331e-01  
  595      234837    2.101155e+01     1.388e-17     1.000e+00     4.751e-03     1.419e+00  
  596      235229    2.101145e+01     2.776e-17     1.000e+00     5.110e-03     4.810e-01  
  597      235623    2.101143e+01     1.388e-17     4.900e-01     4.597e-03     8.770e-01  
  598      236015    2.101143e+01     1.388e-17     1.000e+00     1.090e-02     1.167e+00  
  599      236407    2.101124e+01     1.388e-17     1.000e+00     1.441e-02     9.211e-01  
 Iter  Func-count            Fval   Feasibility   Step Length       Norm of   First-order  
                                                                       step    optimality
  600      236801    2.101117e+01     2.776e-17     4.900e-01     1.184e-02     2.333e+00  
  601      237196    2.101111e+01     1.388e-17     3.430e-01     8.592e-03     6.935e-01  
  602      237588    2.101080e+01     1.388e-17     1.000e+00     1.252e-02     4.572e-01  
  603      237980    2.101062e+01     1.388e-17     1.000e+00     3.824e-02     1.128e+00  
  604      238372    2.101012e+01     2.776e-17     1.000e+00     6.478e-03     1.238e+00  
  605      238764    2.100975e+01     2.776e-17     1.000e+00     9.179e-03     6.361e-01  
  606      239156    2.100958e+01     4.163e-17     1.000e+00     2.288e-02     8.207e-01  
  607      239548    2.100930e+01     2.776e-17     1.000e+00     1.264e-02     5.947e-01  
  608      239941    2.100918e+01     1.388e-17     7.000e-01     3.290e-02     1.141e+00  
  609      240333    2.100905e+01     2.776e-17     1.000e+00     3.126e-02     6.336e-01  
  610      240725    2.100858e+01     1.388e-17     1.000e+00     1.161e-02     9.006e-01  
  611      241117    2.100855e+01     1.388e-17     1.000e+00     1.258e-02     4.939e-01  
  612      241509    2.100846e+01     1.388e-17     1.000e+00     1.276e-02     6.414e-01  
  613      241902    2.100842e+01     0.000e+00     7.000e-01     2.284e-02     6.965e-01  
  614      242294    2.100817e+01     1.388e-17     1.000e+00     6.062e-03     5.999e-01  
  615      242686    2.100802e+01     1.388e-17     1.000e+00     2.566e-02     8.314e-01  
  616      243078    2.100764e+01     1.388e-17     1.000e+00     1.948e-02     5.612e-01  
  617      243470    2.100751e+01     2.776e-17     1.000e+00     7.959e-03     5.750e-01  
  618      243862    2.100729e+01     0.000e+00     1.000e+00     1.083e-02     8.853e-01  
  619      244254    2.100691e+01     1.388e-17     1.000e+00     4.010e-02     1.103e+00  
  620      244646    2.100650e+01     2.776e-17     1.000e+00     7.187e-03     1.094e+00  
  621      245038    2.100612e+01     1.388e-17     1.000e+00     2.712e-02     8.200e-01  
  622      245430    2.100581e+01     2.776e-17     1.000e+00     7.658e-03     8.767e-01  
  623      245825    2.100580e+01     2.776e-17     3.430e-01     2.857e-02     1.061e+00  
  624      246217    2.100540e+01     1.388e-17     1.000e+00     1.055e-02     7.905e-01  
  625      246609    2.100525e+01     1.388e-17     1.000e+00     3.702e-02     1.183e+00  
  626      247001    2.100496e+01     1.388e-17     1.000e+00     2.535e-02     1.175e+00  
  627      247393    2.100459e+01     1.388e-17     1.000e+00     1.552e-02     8.808e-01  
  628      247785    2.100419e+01     1.388e-17     1.000e+00     6.423e-03     5.051e-01  
  629      248177    2.100409e+01     1.388e-17     1.000e+00     9.854e-03     5.103e-01  
 Iter  Func-count            Fval   Feasibility   Step Length       Norm of   First-order  
                                                                       step    optimality
  630      248569    2.100398e+01     1.388e-17     1.000e+00     1.043e-02     7.812e-01  
  631      248961    2.100386e+01     2.776e-17     1.000e+00     1.016e-02     5.826e-01  
  632      249353    2.100385e+01     1.388e-17     1.000e+00     5.599e-03     5.423e-01  
  633      249745    2.100374e+01     2.776e-17     1.000e+00     2.721e-03     2.824e-01  
  634      250139    2.100374e+01     1.388e-17     4.900e-01     6.169e-03     5.738e-01  
  635      250531    2.100370e+01     1.388e-17     1.000e+00     3.499e-03     5.759e-01  
  636      250924    2.100370e+01     1.388e-17     7.000e-01     1.071e-02     1.404e+00  
  637      251316    2.100366e+01     2.776e-17     1.000e+00     5.658e-03     5.177e-01  
  638      251708    2.100364e+01     1.388e-17     1.000e+00     2.852e-03     5.376e-01  
  639      252105    2.100364e+01     1.388e-17     1.681e-01     8.851e-04     7.146e-01  
  640      252500    2.100364e+01     1.388e-17     3.430e-01     3.295e-03     7.289e-01  
  641      252900    2.100364e+01     1.388e-17     5.765e-02     1.385e-03     4.933e-01  
  642      252931    2.100364e+01     1.388e-17     1.578e-05     3.836e-06     4.933e-01  

<a href = "matlab: helpview('optim','local_min_poss_with_constr','CSHelpWindow');">Local minimum possible. Constraints satisfied</a>.

fmincon stopped because the <a href = "matlab: helpview('optim','norm_curr_step_simple_fminconip','CSHelpWindow');">size of the current step</a> is less than
the value of the <a href = "matlab: helpview('optim','step_size_tol','CSHelpWindow');">step size tolerance</a> and constraints are 
satisfied to within the value of the <a href = "matlab: helpview('optim','constraint_tolerance','CSHelpWindow');">constraint tolerance</a>.

<<a href = "matlab: createExitMsg({'optimlib:sqpLineSearch:Exit2basic','fmincon'},{'optimlib:sqpLineSearch:Exit2detailed','1.000000e-06','1.387779e-17','1.000000e-06'},true,true);;">stopping criteria details</a>>
The root mean sqrt (RMS) errors between model-predicted and inverse dynamic moments are: 

 2.5562      2.6328      3.6816       1.924      2.9622      1.0284 
The mean absolute errors (MAEs) between model-predicted and inverse dynamic moments are: 

 1.9599      1.6903      3.3819      1.3629        2.02     0.74089 
Muscle-Tendon Personalization Runtime: 0.163799 Hours
